(title "X Velocity")
(labels "Position" "X Velocity")

((xy/key/label "line_x_0.028000_y0_z+")
0.001395	72.8646
0.00138725	72.5334
0.00136231	71.6313
0.00133737	70.8554
0.00131242	70.1768
0.00128748	69.5759
0.00126253	69.0406
0.00123759	68.5596
0.00121265	68.1247
0.0011877	67.7305
0.00116276	67.3715
0.00113781	67.043
0.00111287	66.7419
0.0010909	66.4966
0.001074	66.3192
0.001061	66.1894
0.001051	66.0788
0.0010285	65.8955
0.001006	65.709
0.0009835	65.5371
0.000961	65.3793
0.0009385	65.2349
0.000916	65.1033
0.0008935	64.9844
0.000871	64.8781
0.0008485	64.7817
0.000826	64.7124
0.0008035	64.5927
0.000781	64.7014
0.0007585	66.7831
0.000736	70.5926
0.0007135	74.9848
0.000691	79.7219
0.0006685	84.7921
0.000646	90.1706
0.0006235	95.8687
0.000601	101.847
0.0005785	108.095
0.000556	114.602
0.0005335	121.356
0.000511	128.341
0.000493267	134.505
0.000475533	139.896
0.0004578	145.351
0.000440067	150.887
0.000422333	156.466
0.0004046	162.062
0.000386867	167.699
0.000369133	173.188
0.0003514	177.605
0.000333667	178.261
0.000315933	178.273
0.0002982	178.251
0.000280467	178.168
0.000262733	177.992
0.000245	177.681
0.000217923	176.602
0.000209973	176.251
0.000191189	175.37
0.000174964	174.447
0.000164639	173.726
0.000140028	171.13
0.000138108	170.775
0.00011139	160.234
0.000105122	155.956
8.42099e-05	137.802
7.01667e-05	124.909
5.65262e-05	114.983
3.51191e-05	107.082
2.84018e-05	106.226
-4.09907e-14	106.935
)

((xy/key/label "line_x_0.028000_y0_z-")
-4.09907e-14	106.935
-2.84018e-05	106.373
-3.51191e-05	107.11
-5.65262e-05	114.945
-7.01667e-05	124.706
-8.42099e-05	137.494
-0.000105122	155.83
-0.00011139	160.086
-0.000138108	170.759
-0.000140028	171.125
-0.000164639	173.722
-0.000174964	174.445
-0.000191189	175.363
-0.000209973	176.249
-0.000217923	176.6
-0.000245	177.686
-0.000262733	177.994
-0.000280467	178.17
-0.0002982	178.254
-0.000315933	178.274
-0.000333667	178.257
-0.0003514	177.687
-0.000369133	173.244
-0.000386867	167.741
-0.0004046	162.095
-0.000422333	156.489
-0.000440067	150.9
-0.0004578	145.354
-0.000475533	139.89
-0.000493267	134.491
-0.000511	128.32
-0.0005335	121.33
-0.000556	114.573
-0.0005785	108.064
-0.000601	101.815
-0.0006235	95.836
-0.000646	90.138
-0.0006685	84.7611
-0.000691	79.6923
-0.0007135	74.9546
-0.000736	70.5608
-0.0007585	66.7517
-0.000781	64.6882
-0.0008035	64.5934
-0.000826	64.7116
-0.0008485	64.7812
-0.000871	64.8779
-0.0008935	64.9843
-0.000916	65.1034
-0.0009385	65.2352
-0.000961	65.3797
-0.0009835	65.5375
-0.001006	65.7095
-0.0010285	65.8961
-0.001051	66.0795
-0.001061	66.1902
-0.001074	66.32
-0.0010909	66.4974
-0.00111287	66.7429
-0.00113781	67.044
-0.00116276	67.3726
-0.0011877	67.7318
-0.00121265	68.1261
-0.00123759	68.5611
-0.00126253	69.0422
-0.00128748	69.5776
-0.00131242	70.1786
-0.00133737	70.8573
-0.00136231	71.6335
-0.00138725	72.5357
-0.001395	72.867
)

((xy/key/label "line_x_0.031000_y0_z+")
0.001395	67.9997
0.00138725	68.0122
0.00136231	68.0224
0.00133737	68.0317
0.00131242	68.0395
0.00128748	68.0457
0.00126253	68.0498
0.00123759	68.0527
0.00121265	68.054
0.0011877	68.055
0.00116276	68.0548
0.00113781	68.0558
0.00111287	68.0561
0.0010909	68.0571
0.001074	68.0573
0.001061	68.0562
0.001051	68.0565
0.0010285	68.0593
0.001006	68.0614
0.0009835	68.0656
0.000961	68.0457
0.0009385	68.4499
0.000916	70.3971
0.0008935	73.2744
0.000871	76.0431
0.0008485	78.8536
0.000826	81.7391
0.0008035	84.6976
0.000781	87.7264
0.0007585	90.8231
0.000736	93.9857
0.0007135	97.2123
0.000691	100.501
0.0006685	103.852
0.000646	107.264
0.0006235	110.735
0.000601	114.265
0.0005785	117.854
0.000556	121.501
0.0005335	125.204
0.000511	128.964
0.000493267	132.322
0.000475533	135.274
0.0004578	138.247
0.000440067	141.256
0.000422333	144.298
0.0004046	147.369
0.000386867	150.464
0.000369133	153.578
0.0003514	156.7
0.000333667	159.83
0.000315933	162.964
0.0002982	166.072
0.000280467	169.257
0.000262733	172.355
0.000245	174.311
0.000217847	173.427
0.000209987	173.054
0.000190858	172.039
0.000174983	171.095
0.000163961	170.316
0.000140013	167.726
0.000137072	167.175
0.000110086	156.446
0.000105057	152.904
8.28786e-05	133.582
7.00785e-05	121.442
5.54303e-05	110.301
3.50561e-05	102.7
2.77783e-05	101.541
-1.93025e-14	101.945
)

((xy/key/label "line_x_0.031000_y0_z-")
-1.93025e-14	101.945
-2.77783e-05	101.635
-3.50561e-05	102.457
-5.54303e-05	109.623
-7.00785e-05	120.395
-8.28786e-05	132.466
-0.000105057	152.429
-0.000110086	155.979
-0.000137072	167.094
-0.000140013	167.684
-0.000163961	170.299
-0.000174983	171.088
-0.000190858	172.025
-0.000209987	173.049
-0.000217847	173.429
-0.000245	174.367
-0.000262733	172.394
-0.000280467	169.276
-0.0002982	166.082
-0.000315933	162.972
-0.000333667	159.834
-0.0003514	156.7
-0.000369133	153.574
-0.000386867	150.458
-0.0004046	147.361
-0.000422333	144.288
-0.000440067	141.244
-0.0004578	138.233
-0.000475533	135.258
-0.000493267	132.305
-0.000511	128.947
-0.0005335	125.187
-0.000556	121.483
-0.0005785	117.836
-0.000601	114.246
-0.0006235	110.714
-0.000646	107.242
-0.0006685	103.829
-0.000691	100.477
-0.0007135	97.1862
-0.000736	93.958
-0.0007585	90.7937
-0.000781	87.6951
-0.0008035	84.6644
-0.000826	81.7037
-0.0008485	78.8149
-0.000871	76.0021
-0.0008935	73.2313
-0.000916	70.3494
-0.0009385	68.4243
-0.000961	68.0475
-0.0009835	68.0653
-0.001006	68.0623
-0.0010285	68.0594
-0.001051	68.0565
-0.001061	68.0561
-0.001074	68.0572
-0.0010909	68.0569
-0.00111287	68.0558
-0.00113781	68.0553
-0.00116276	68.0539
-0.0011877	68.0538
-0.00121265	68.0527
-0.00123759	68.0515
-0.00126253	68.0492
-0.00128748	68.0454
-0.00131242	68.0393
-0.00133737	68.0315
-0.00136231	68.0222
-0.00138725	68.0124
-0.001395	68.0002
)

((xy/key/label "line_x_0.034000_y0_z+")
0.001395	64.7634
0.00138725	64.8888
0.00136231	64.943
0.00133737	64.9485
0.00131242	64.9569
0.00128748	64.9669
0.00126253	64.9747
0.00123759	64.9798
0.00121265	64.9832
0.0011877	64.9859
0.00116276	64.9876
0.00113781	64.9763
0.00111287	65.2637
0.0010909	67.0724
0.001074	68.8405
0.001061	70.1348
0.001051	71.0906
0.0010285	72.299
0.001006	74.1712
0.0009835	76.1792
0.000961	78.2305
0.0009385	80.3224
0.000916	82.4692
0.0008935	84.6732
0.000871	86.9284
0.0008485	89.2267
0.000826	91.5611
0.0008035	93.9266
0.000781	96.3185
0.0007585	98.731
0.000736	101.157
0.0007135	103.592
0.000691	106.04
0.0006685	108.513
0.000646	111.016
0.0006235	113.549
0.000601	116.111
0.0005785	118.7
0.000556	121.317
0.0005335	123.96
0.000511	126.626
0.000493267	129.04
0.000475533	131.177
0.0004578	133.322
0.000440067	135.484
0.000422333	137.662
0.0004046	139.854
0.000386867	142.058
0.000369133	144.272
0.0003514	146.494
0.000333667	148.736
0.000315933	150.988
0.0002982	153.236
0.000280467	155.477
0.000262733	157.699
0.000245	159.898
0.000217778	163.209
0.00021	164.133
0.000190556	166.341
0.000175	167.877
0.000163333	168.443
0.00014	167.23
0.000136111	166.56
0.000108889	155.98
0.000105	153.241
8.16667e-05	133.366
7e-05	122.206
5.44444e-05	110.049
3.5e-05	102.39
2.72222e-05	100.799
-7.74348e-21	100.7
)

((xy/key/label "line_x_0.034000_y0_z-")
-7.74348e-21	100.7
-2.72222e-05	100.669
-3.5e-05	101.636
-5.44444e-05	108.313
-7e-05	119.931
-8.16667e-05	131.11
-0.000105	152.311
-0.000108889	155.118
-0.000136111	166.402
-0.00014	167.145
-0.000163333	168.412
-0.000175	167.839
-0.000190556	166.303
-0.00021	164.115
-0.000217778	163.19
-0.000245	159.889
-0.000262733	157.692
-0.000280467	155.47
-0.0002982	153.23
-0.000315933	150.981
-0.000333667	148.729
-0.0003514	146.486
-0.000369133	144.264
-0.000386867	142.05
-0.0004046	139.846
-0.000422333	137.654
-0.000440067	135.475
-0.0004578	133.313
-0.000475533	131.168
-0.000493267	129.032
-0.000511	126.622
-0.0005335	123.963
-0.000556	121.328
-0.0005785	118.718
-0.000601	116.136
-0.0006235	113.582
-0.000646	111.057
-0.0006685	108.563
-0.000691	106.098
-0.0007135	103.656
-0.000736	101.225
-0.0007585	98.8033
-0.000781	96.3952
-0.0008035	94.0077
-0.000826	91.6464
-0.0008485	89.3158
-0.000871	87.0205
-0.0008935	84.767
-0.000916	82.5641
-0.0009385	80.4184
-0.000961	78.3272
-0.0009835	76.2752
-0.001006	74.2601
-0.0010285	72.3768
-0.001051	71.1594
-0.001061	70.1848
-0.001074	68.8705
-0.0010909	67.0588
-0.00111287	65.2414
-0.00113781	64.9813
-0.00116276	64.9898
-0.0011877	64.9885
-0.00121265	64.9863
-0.00123759	64.9834
-0.00126253	64.9789
-0.00128748	64.9723
-0.00131242	64.9634
-0.00133737	64.9555
-0.00136231	64.9533
-0.00138725	64.9103
-0.001395	64.8059
)

((xy/key/label "line_x_0.037000_y0_z+")
0.001395	58.5039
0.00138725	59.4926
0.00136231	61.4272
0.00133737	61.8266
0.00131242	61.8542
0.00128748	61.8416
0.00126253	61.8462
0.00123759	62.0528
0.00121265	63.6707
0.0011877	66.0043
0.00116276	68.3718
0.00113781	70.5457
0.00111287	72.5626
0.0010909	74.4071
0.001074	75.9123
0.001061	77.0363
0.001051	77.8625
0.0010285	78.9473
0.001006	80.5957
0.0009835	82.3746
0.000961	84.1857
0.0009385	86.0142
0.000916	87.8656
0.0008935	89.7442
0.000871	91.6501
0.0008485	93.5802
0.000826	95.5313
0.0008035	97.5015
0.000781	99.4897
0.0007585	101.495
0.000736	103.517
0.0007135	105.552
0.000691	107.599
0.0006685	109.652
0.000646	111.706
0.0006235	113.753
0.000601	115.783
0.0005785	117.794
0.000556	119.788
0.0005335	121.783
0.000511	123.787
0.000493267	125.595
0.000475533	127.19
0.0004578	128.789
0.000440067	130.394
0.000422333	132.005
0.0004046	133.62
0.000386867	135.236
0.000369133	136.85
0.0003514	138.471
0.000333667	140.086
0.000315933	141.686
0.0002982	143.264
0.000280467	144.811
0.000262733	146.314
0.000245	147.754
0.000217863	149.768
0.000210117	150.284
0.000190789	151.416
0.000175321	152.061
0.000163719	152.371
0.000140486	152.143
0.000136609	151.995
0.00010943	148.966
0.00010554	148.165
8.21658e-05	141.657
7.04581e-05	136.841
5.48257e-05	129.04
3.52618e-05	117.766
2.7429e-05	113.836
-4.34515e-12	105.669
)

((xy/key/label "line_x_0.037000_y0_z-")
-4.34515e-12	105.669
-2.7429e-05	112.945
-3.52618e-05	116.778
-5.48258e-05	127.943
-7.04581e-05	135.971
-8.21658e-05	140.711
-0.00010554	147.459
-0.00010943	148.245
-0.000136609	151.589
-0.000140486	151.798
-0.000163719	152.188
-0.000175321	151.956
-0.000190789	151.348
-0.000210117	150.262
-0.000217863	149.749
-0.000245	147.753
-0.000262733	146.317
-0.000280467	144.817
-0.0002982	143.269
-0.000315933	141.691
-0.000333667	140.089
-0.0003514	138.473
-0.000369133	136.851
-0.000386867	135.235
-0.0004046	133.618
-0.000422333	132.003
-0.000440067	130.391
-0.0004578	128.784
-0.000475533	127.185
-0.000493267	125.589
-0.000511	123.786
-0.0005335	121.792
-0.000556	119.808
-0.0005785	117.823
-0.000601	115.822
-0.0006235	113.8
-0.000646	111.763
-0.0006685	109.718
-0.000691	107.674
-0.0007135	105.637
-0.000736	103.611
-0.0007585	101.599
-0.000781	99.6046
-0.0008035	97.6275
-0.000826	95.6677
-0.0008485	93.7254
-0.000871	91.8018
-0.0008935	89.9007
-0.000916	88.0273
-0.0009385	86.1849
-0.000961	84.3713
-0.0009835	82.5806
-0.001006	80.8218
-0.0010285	79.1827
-0.001051	78.0765
-0.001061	77.2081
-0.001074	76.0683
-0.0010909	74.5313
-0.00111287	72.6246
-0.00113781	70.5476
-0.00116276	68.3529
-0.0011877	66.0044
-0.00121265	63.7058
-0.00123759	62.0639
-0.00126253	61.8447
-0.00128748	61.8366
-0.00131242	61.8465
-0.00133737	61.8371
-0.00136231	61.5234
-0.00138725	59.721
-0.001395	58.6798
)

((xy/key/label "line_x_0.040000_y0_z+")
0.001395	50.6042
0.00138725	51.3289
0.00136231	53.819
0.00133737	56.6213
0.00131242	59.6344
0.00128748	63.2299
0.00126253	66.1745
0.00123759	68.3838
0.00121265	70.2581
0.0011877	72.0504
0.00116276	73.8147
0.00113781	75.5507
0.00111287	77.263
0.0010909	78.879
0.001074	80.2201
0.001061	81.2324
0.001051	81.985
0.0010285	82.9873
0.001006	84.4841
0.0009835	86.0646
0.000961	87.6358
0.0009385	89.1945
0.000916	90.7581
0.0008935	92.3396
0.000871	93.9418
0.0008485	95.5617
0.000826	97.195
0.0008035	98.8399
0.000781	100.497
0.0007585	102.166
0.000736	103.844
0.0007135	105.518
0.000691	107.172
0.0006685	108.794
0.000646	110.385
0.0006235	111.959
0.000601	113.522
0.0005785	115.077
0.000556	116.629
0.0005335	118.174
0.000511	119.706
0.000493267	121.025
0.000475533	122.209
0.0004578	123.381
0.000440067	124.542
0.000422333	125.69
0.0004046	126.827
0.000386867	127.952
0.000369133	129.058
0.0003514	130.142
0.000333667	131.204
0.000315933	132.239
0.0002982	133.246
0.000280467	134.221
0.000262733	135.159
0.000245	136.06
0.000218083	137.339
0.000210422	137.69
0.000191396	138.505
0.000176158	139.124
0.000164724	139.551
0.000141755	140.352
0.000137909	140.472
0.000110842	141.24
0.00010695	141.338
8.34677e-05	141.838
7.1653e-05	142.052
5.58204e-05	142.273
3.59446e-05	142.484
2.79683e-05	142.535
-3.84107e-12	142.623
)

((xy/key/label "line_x_0.040000_y0_z-")
-3.84107e-12	142.623
-2.79683e-05	142.509
-3.59446e-05	142.451
-5.58205e-05	142.226
-7.1653e-05	141.997
-8.34677e-05	141.778
-0.00010695	141.272
-0.000110842	141.173
-0.000137909	140.406
-0.000141755	140.286
-0.000164724	139.49
-0.000176158	139.065
-0.000191397	138.451
-0.000210422	137.642
-0.000218083	137.294
-0.000245	136.023
-0.000262733	135.127
-0.000280467	134.195
-0.0002982	133.225
-0.000315933	132.224
-0.000333667	131.192
-0.0003514	130.135
-0.000369133	129.053
-0.000386867	127.95
-0.0004046	126.828
-0.000422333	125.693
-0.000440067	124.546
-0.0004578	123.386
-0.000475533	122.214
-0.000493267	121.031
-0.000511	119.71
-0.0005335	118.178
-0.000556	116.64
-0.0005785	115.102
-0.000601	113.554
-0.0006235	111.996
-0.000646	110.429
-0.0006685	108.84
-0.000691	107.22
-0.0007135	105.569
-0.000736	103.902
-0.0007585	102.234
-0.000781	100.575
-0.0008035	98.9278
-0.000826	97.2903
-0.0008485	95.6617
-0.000871	94.0442
-0.0008935	92.4435
-0.000916	90.865
-0.0009385	89.3078
-0.000961	87.7598
-0.0009835	86.2017
-0.001006	84.634
-0.0010285	83.148
-0.001051	82.143
-0.001061	81.3656
-0.001074	80.3383
-0.0010909	78.9678
-0.00111287	77.3054
-0.00113781	75.5596
-0.00116276	73.8201
-0.0011877	72.073
-0.00121265	70.2992
-0.00123759	68.4483
-0.00126253	66.2825
-0.00128748	63.4329
-0.00131242	59.8979
-0.00133737	56.7728
-0.00136231	53.85
-0.00138725	51.3526
-0.001395	50.6246
)

((xy/key/label "line_x_0.043000_y0_z+")
0.001395	49.9774
0.00138725	51.4634
0.00136231	56.445
0.00133737	60.8954
0.00131242	64.3999
0.00128748	67.0502
0.0011877	74.8197
0.00121265	73.0624
0.00116276	76.5105
0.0008485	95.4478
0.000871	94.1316
0.000826	96.7618
0.0008035	98.0728
0.000781	99.3801
0.0007585	100.683
0.000736	101.98
0.0006235	108.373
0.000646	107.107
0.000601	109.629
0.0005785	110.874
0.000556	112.106
0.0005335	113.326
0.000511	114.53
0.000493267	115.53
0.000493267	115.53
0.000475533	116.464
0.0004578	117.387
0.000440067	118.298
0.000422333	119.197
0.0004046	120.082
0.000386867	120.954
0.000369133	121.81
0.0003514	122.649
0.000333667	123.47
0.000315933	124.272
0.0002982	125.053
0.000280467	125.811
0.000262733	126.544
0.000245	127.254
0.000218304	128.258
0.000210726	128.534
0.000192004	129.177
0.000176994	129.671
0.000165729	130.015
0.000143024	130.671
0.000139208	130.77
0.000112254	131.421
0.00010836	131.507
8.47697e-05	131.95
7.28479e-05	132.144
5.68151e-05	132.349
3.66274e-05	132.55
2.85077e-05	132.601
-3.33698e-12	132.695
0.000646	107.107
0.0006685	105.831
0.000691	104.555
0.0007135	103.271
0.000736	101.98
0.000871	94.1316
0.0008935	92.814
0.000916	91.4954
0.0009385	90.1765
0.000961	88.8571
0.0009835	87.5351
0.001006	86.1916
0.0010285	84.871
0.001051	83.9668
0.001061	83.2935
0.001074	82.3848
0.0010909	81.1841
0.00111287	79.7212
0.00113781	78.1407
0.00116276	76.5106
0.00121265	73.0624
0.00123759	71.208
0.00126253	69.2318
0.00128748	67.0502
)

((xy/key/label "line_x_0.043000_y0_z-")
-0.00138725	51.6413
-0.00136231	56.6134
-0.00133737	61.0119
-0.00131242	64.4986
-0.00128748	67.1239
-0.00126253	69.2815
-0.00123759	71.2493
-0.00121265	73.0837
-0.0011877	74.8255
-0.00116276	76.503
-0.00113781	78.1363
-0.00111287	79.7399
-0.0010909	81.232
-0.001074	82.4548
-0.001061	83.3773
-0.001051	84.0677
-0.0010285	84.9706
-0.001006	86.2858
-0.0009835	87.6274
-0.000961	88.944
-0.0009385	90.2568
-0.000916	91.57
-0.0008935	92.8834
-0.000871	94.1966
-0.0008485	95.5089
-3.33698e-12	132.695
-2.85077e-05	132.596
-3.66274e-05	132.544
-5.68152e-05	132.34
-7.28479e-05	132.132
-8.47697e-05	131.937
-0.00010836	131.492
-0.000112254	131.406
-0.000139208	130.754
-0.000143024	130.654
-0.000165729	129.999
-0.000176994	129.655
-0.000192004	129.162
-0.000210726	128.518
-0.000218304	128.243
-0.000245	127.241
-0.000262733	126.532
-0.000280467	125.801
-0.0002982	125.045
-0.000315933	124.266
-0.000333667	123.466
-0.0003514	122.646
-0.000369133	121.809
-0.000386867	120.954
-0.0004046	120.085
-0.000422333	119.2
-0.000440067	118.303
-0.0004578	117.393
-0.000475533	116.471
-0.000493267	115.538
-0.000511	114.536
-0.0005335	113.333
-0.000556	112.113
-0.0005785	110.88
-0.000601	109.635
-0.0006235	108.384
-0.000646	107.13
-0.0006685	105.866
-0.000691	104.594
-0.0007135	103.313
-0.000736	102.025
-0.0007585	100.731
-0.000781	99.4313
-0.0008035	98.1271
-0.000826	96.8194
-0.0008485	95.5089
-0.00138725	51.6413
-0.001395	50.1423
)

((xy/key/label "line_x_0.046000_y0_z+")
0.000601	103.805
0.0005785	104.822
0.000556	105.832
0.0005335	106.825
0.000511	107.802
0.000493267	108.575
0.000475533	109.319
0.0004578	110.049
0.000440067	110.767
0.000440067	110.767
0.000422333	111.469
0.0004046	112.157
0.000386867	112.829
0.000369133	113.485
0.0003514	114.122
0.000333667	114.74
0.000315933	115.338
0.0002982	115.916
0.000280467	116.471
0.000262733	117.003
0.000245	117.51
0.000218524	118.21
0.00021103	118.4
0.00019261	118.837
0.000177831	119.17
0.000166733	119.399
0.000144293	119.834
0.000140508	119.9
0.000113665	120.328
0.00010977	120.384
8.60716e-05	120.672
7.40429e-05	120.799
5.78099e-05	120.932
3.73103e-05	121.063
2.90471e-05	121.096
-2.8329e-12	121.158
0.000601	103.805
0.0006235	102.774
0.000646	101.73
0.0006685	100.673
0.000691	99.6056
0.0007135	98.5269
0.000736	97.4381
0.0007585	96.3397
0.000781	95.232
0.0008035	94.1201
0.000826	93.0023
0.0008485	91.8762
0.000871	90.7419
0.0008935	89.5994
0.000916	88.4488
0.0009385	87.2898
0.000961	86.1218
0.0009835	84.9393
0.001006	83.7215
0.0010285	82.5056
0.001051	81.6566
0.001061	81.0278
0.001074	80.1807
0.0010909	79.0505
0.00111287	77.6599
0.00113781	76.1457
0.00116276	74.5705
0.0011877	72.9216
0.00121265	71.2117
0.00123759	69.4226
0.00126253	67.5332
0.00128748	65.5628
0.00131242	63.4453
0.00133737	61.1211
0.00136231	58.5148
0.00138725	55.6161
0.001395	54.6662
)

((xy/key/label "line_x_0.046000_y0_z-")
-2.8329e-12	121.158
-2.90471e-05	121.095
-3.73103e-05	121.061
-5.78099e-05	120.929
-7.40429e-05	120.795
-8.60716e-05	120.668
-0.00010977	120.379
-0.000113665	120.323
-0.000140508	119.894
-0.000144293	119.828
-0.000166733	119.393
-0.000177831	119.163
-0.00019261	118.831
-0.00021103	118.394
-0.000218524	118.204
-0.000245	117.504
-0.000262733	116.997
-0.000280467	116.466
-0.0002982	115.91
-0.000315933	115.333
-0.000333667	114.735
-0.0003514	114.118
-0.000369133	113.481
-0.000386867	112.826
-0.0004046	112.155
-0.000422333	111.467
-0.000440067	110.765
-0.0004578	110.048
-0.000475533	109.317
-0.000493267	108.574
-0.000511	107.8
-0.0005335	106.823
-0.000556	105.828
-0.0005785	104.819
-0.000601	103.801
-0.0006235	102.77
-0.000646	101.725
-0.0006685	100.669
-0.000691	99.6004
-0.0007135	98.5258
-0.000736	97.4467
-0.0007585	96.3579
-0.000781	95.26
-0.0008035	94.1535
-0.000826	93.0387
-0.0008485	91.9158
-0.000871	90.7851
-0.0008935	89.6466
-0.000916	88.5003
-0.0009385	87.346
-0.000961	86.1833
-0.0009835	85.0051
-0.001006	83.787
-0.0010285	82.5742
-0.001051	81.7283
-0.001061	81.088
-0.001074	80.2305
-0.0010909	79.0815
-0.00111287	77.6648
-0.00113781	76.13
-0.00116276	74.5509
-0.0011877	72.9121
-0.00121265	71.1984
-0.00123759	69.4152
-0.00126253	67.5369
-0.00128748	65.5441
-0.00131242	63.4326
-0.00133737	61.127
-0.00136231	58.5455
-0.00138725	55.6746
-0.001395	54.7342
)

((xy/key/label "line_x_0.049000_y0_z+")
-2.32882e-12	111.464
2.95864e-05	111.42
3.79931e-05	111.397
5.88046e-05	111.304
7.52379e-05	111.209
8.73735e-05	111.12
0.000111179	110.916
0.000115077	110.877
0.000141807	110.577
0.000145561	110.531
0.000167737	110.228
0.000178667	110.067
0.000193216	109.834
0.000211334	109.527
0.000218744	109.392
0.000245	108.892
0.000262733	108.522
0.000280467	108.132
0.0002982	107.722
0.000315933	107.292
0.000333667	106.843
0.0003514	106.375
0.000369133	105.891
0.000386867	105.389
0.0004046	104.87
0.000422333	104.336
0.000440067	103.787
0.0004578	103.223
0.000475533	102.645
0.000493267	102.053
0.000511	101.449
0.0005335	100.664
0.000556	99.8604
0.0005785	99.0379
0.000601	98.1978
0.0006235	97.341
0.000646	96.468
0.0006685	95.5796
0.000691	94.6766
0.0007135	93.7648
0.000736	92.84
0.0007585	91.9022
0.000781	90.9517
0.0008035	89.989
0.000826	89.0143
0.0008485	88.0276
0.000871	87.0292
0.0008935	86.0191
0.000916	84.9973
0.0009385	83.9636
0.000961	82.9226
0.0009835	81.8702
0.001006	80.8025
0.0010285	79.7257
0.001051	78.9529
0.001061	78.3853
0.001074	77.6327
0.0010909	76.6431
0.00111287	75.4499
0.00113781	74.1503
0.00116276	72.8222
0.0011877	71.4723
0.00121265	70.1044
0.00123759	68.738
0.00126253	67.3525
0.00128748	65.9471
0.00131242	64.5216
0.00133737	63.075
0.00136231	61.6047
0.00138725	60.1052
0.001395	59.6272
)

((xy/key/label "line_x_0.049000_y0_z-")
-0.001395	59.6525
-0.00138725	60.1272
-0.00136231	61.6165
-0.00133737	63.0778
-0.00131242	64.5165
-0.00128748	65.9353
-0.00126253	67.3351
-0.00123759	68.7161
-0.00121265	70.09
-0.0011877	71.4504
-0.00116276	72.7922
-0.00113781	74.1155
-0.00111287	75.432
-0.0010909	76.6571
-0.001074	77.6605
-0.001061	78.4223
-0.001051	78.9986
-0.0010285	79.7708
-0.001006	80.8453
-0.0009835	81.9117
-0.000961	82.9616
-0.0009385	83.9992
-0.000916	85.0247
-0.0008935	86.0383
-0.000871	87.0402
-0.0008485	88.0304
-0.000826	89.009
-0.0008035	89.9829
-0.000781	90.9451
-0.0007585	91.8951
-0.000736	92.8324
-0.0007135	93.7569
-0.000691	94.6679
-0.0006685	95.5679
-0.000646	96.457
-0.0006235	97.3306
-0.000601	98.188
-0.0005785	99.0285
-0.000556	99.8514
-0.0005335	100.656
-0.000511	101.441
-0.000493267	102.045
-0.000475533	102.636
-0.0004578	103.214
-0.000440067	103.778
-0.000422333	104.327
-0.0004046	104.861
-0.000386867	105.379
-0.000369133	105.881
-0.0003514	106.366
-0.000333667	106.833
-0.000315933	107.282
-0.0002982	107.713
-0.000280467	108.123
-0.000262733	108.513
-0.000245	108.883
-0.000218744	109.384
-0.000211334	109.519
-0.000193216	109.826
-0.000178667	110.06
-0.000167737	110.22
-0.000145561	110.525
-0.000141807	110.571
-0.000115077	110.872
-0.000111179	110.911
-8.73735e-05	111.116
-7.52379e-05	111.206
-5.88046e-05	111.301
-3.79931e-05	111.395
-2.95865e-05	111.419
-2.32882e-12	111.464
)

((xy/key/label "line_x_0.052000_y0_z+")
-1.82473e-12	104.048
3.01258e-05	104.014
3.8676e-05	103.996
5.97993e-05	103.925
7.64328e-05	103.853
8.86754e-05	103.786
0.000112589	103.632
0.000116489	103.602
0.000143107	103.378
0.00014683	103.343
0.000168741	103.117
0.000179502	102.998
0.000193821	102.824
0.000211637	102.596
0.000218963	102.495
0.000245	102.118
0.000262733	101.837
0.000280467	101.538
0.0002982	101.223
0.000315933	100.892
0.000333667	100.545
0.0003514	100.183
0.000369133	99.8049
0.000386867	99.4127
0.0004046	99.0062
0.000422333	98.586
0.000440067	98.1524
0.0004578	97.7059
0.000475533	97.2469
0.000493267	96.7758
0.000511	96.2932
0.0005335	95.6647
0.000556	95.0186
0.0005785	94.3559
0.000601	93.6774
0.0006235	92.9837
0.000646	92.2757
0.0006685	91.554
0.000691	90.8193
0.0007135	90.0723
0.000736	89.3136
0.0007585	88.5439
0.000781	87.7637
0.0008035	86.9737
0.000826	86.1744
0.0008485	85.3663
0.000871	84.5502
0.0008935	83.7294
0.000916	82.9023
0.0009385	82.0683
0.000961	81.2281
0.0009835	80.3819
0.001006	79.5303
0.0010285	78.6744
0.001051	78.0378
0.001061	77.5916
0.001074	77.0065
0.0010909	76.2625
0.00111287	75.3734
0.00113781	74.3911
0.00116276	73.4071
0.0011877	72.4184
0.00121265	71.4247
0.00123759	70.4252
0.00126253	69.419
0.00128748	68.4041
0.00131242	67.3777
0.00133737	66.3354
0.00136231	65.2704
0.00138725	64.1717
0.001395	63.8144
)

((xy/key/label "line_x_0.052000_y0_z-")
-0.001395	63.8136
-0.00138725	64.1695
-0.00136231	65.264
-0.00133737	66.3256
-0.00131242	67.365
-0.00128748	68.389
-0.00126253	69.4021
-0.00123759	70.407
-0.00121265	71.4055
-0.0011877	72.3985
-0.00116276	73.3868
-0.00113781	74.3705
-0.00111287	75.3533
-0.0010909	76.2497
-0.001074	77.0214
-0.001061	77.6125
-0.001051	78.0641
-0.0010285	78.6777
-0.001006	79.5286
-0.0009835	80.3791
-0.000961	81.2252
-0.0009385	82.0654
-0.000916	82.8992
-0.0008935	83.7263
-0.000871	84.5461
-0.0008485	85.3583
-0.000826	86.164
-0.0008035	86.9641
-0.000781	87.7547
-0.0007585	88.5354
-0.000736	89.3056
-0.0007135	90.0647
-0.000691	90.812
-0.0006685	91.547
-0.000646	92.2688
-0.0006235	92.977
-0.000601	93.6707
-0.0005785	94.3492
-0.000556	95.0118
-0.0005335	95.6577
-0.000511	96.286
-0.000493267	96.7684
-0.000475533	97.2392
-0.0004578	97.6979
-0.000440067	98.1441
-0.000422333	98.5774
-0.0004046	98.9974
-0.000386867	99.4036
-0.000369133	99.7956
-0.0003514	100.173
-0.000333667	100.536
-0.000315933	100.883
-0.0002982	101.214
-0.000280467	101.529
-0.000262733	101.827
-0.000245	102.109
-0.000218963	102.487
-0.000211637	102.588
-0.000193821	102.817
-0.000179502	102.99
-0.000168741	103.11
-0.00014683	103.337
-0.000143107	103.371
-0.000116489	103.597
-0.000112589	103.627
-8.86754e-05	103.782
-7.64328e-05	103.85
-5.97993e-05	103.922
-3.8676e-05	103.994
-3.01258e-05	104.013
-1.82473e-12	104.048
)

((xy/key/label "line_x_0.055000_y0_z+")
-1.32065e-12	98.2016
3.06652e-05	98.1754
3.93588e-05	98.1613
6.0794e-05	98.106
7.76278e-05	98.0501
8.99773e-05	97.9977
0.000113999	97.8791
0.0001179	97.8564
0.000144406	97.6853
0.000148099	97.6591
0.000169745	97.4885
0.000180338	97.3992
0.000194425	97.2695
0.00021194	97.0989
0.000219182	97.0229
0.000245	96.7389
0.000262733	96.5243
0.000280467	96.2968
0.0002982	96.0562
0.000315933	95.8028
0.000333667	95.5369
0.0003514	95.2588
0.000369133	94.9687
0.000386867	94.667
0.0004046	94.3539
0.000422333	94.0298
0.000440067	93.6949
0.0004578	93.3496
0.000475533	92.9942
0.000493267	92.6291
0.000511	92.2547
0.0005335	91.7665
0.000556	91.2642
0.0005785	90.7484
0.000601	90.2197
0.0006235	89.6788
0.000646	89.1262
0.0006685	88.5627
0.000691	87.9889
0.0007135	87.4052
0.000736	86.8124
0.0007585	86.2108
0.000781	85.6012
0.0008035	84.9841
0.000826	84.3598
0.0008485	83.7291
0.000871	83.0923
0.0008935	82.4499
0.000916	81.8024
0.0009385	81.1501
0.000961	80.4934
0.0009835	79.8328
0.001006	79.1685
0.0010285	78.5011
0.001051	77.9504
0.001061	77.6048
0.001074	77.1619
0.0010909	76.6328
0.00111287	75.9689
0.00113781	75.2122
0.00116276	74.4515
0.0011877	73.6862
0.00121265	72.9154
0.00123759	72.1377
0.00126253	71.3511
0.00128748	70.5527
0.00131242	69.7387
0.00133737	68.903
0.00136231	68.0371
0.00138725	67.1275
0.001395	66.8248
)

((xy/key/label "line_x_0.055000_y0_z-")
-0.001395	66.8168
-0.00138725	67.1188
-0.00136231	68.0263
-0.00133737	68.8906
-0.00131242	69.7251
-0.00128748	70.5383
-0.00126253	71.3361
-0.00123759	72.1225
-0.00121265	72.9002
-0.0011877	73.6711
-0.00116276	74.4366
-0.00113781	75.1976
-0.00111287	75.9547
-0.0010909	76.6191
-0.001074	77.1593
-0.001061	77.6143
-0.001051	77.9629
-0.0010285	78.4893
-0.001006	79.1576
-0.0009835	79.8228
-0.000961	80.4843
-0.0009385	81.1418
-0.000916	81.7949
-0.0008935	82.4432
-0.000871	83.0863
-0.0008485	83.7238
-0.000826	84.3551
-0.0008035	84.9799
-0.000781	85.5976
-0.0007585	86.2076
-0.000736	86.8094
-0.0007135	87.4026
-0.000691	87.9865
-0.0006685	88.5605
-0.000646	89.1241
-0.0006235	89.6767
-0.000601	90.2176
-0.0005785	90.7462
-0.000556	91.2618
-0.0005335	91.764
-0.000511	92.2519
-0.000493267	92.6261
-0.000475533	92.9909
-0.0004578	93.346
-0.000440067	93.6911
-0.000422333	94.0256
-0.0004046	94.3495
-0.000386867	94.6623
-0.000369133	94.9639
-0.0003514	95.2537
-0.000333667	95.5317
-0.000315933	95.7975
-0.0002982	96.0508
-0.000280467	96.2913
-0.000262733	96.5189
-0.000245	96.7336
-0.000219182	97.0178
-0.00021194	97.0939
-0.000194425	97.2647
-0.000180338	97.3946
-0.000169745	97.4841
-0.000148099	97.6551
-0.000144406	97.6813
-0.0001179	97.8531
-0.000113999	97.8759
-8.99774e-05	97.995
-7.76278e-05	98.0478
-6.0794e-05	98.1041
-3.93588e-05	98.1601
-3.06652e-05	98.1744
-1.32065e-12	98.2016
)

((xy/key/label "line_x_0.058000_y0_z+")
-8.16566e-13	93.7688
3.12046e-05	93.7485
4.00416e-05	93.7377
6.17887e-05	93.6953
7.88227e-05	93.6527
9.12793e-05	93.6128
0.000115409	93.5233
0.000119312	93.5063
0.000145705	93.3784
0.000149367	93.359
0.000170748	93.2328
0.000181173	93.1671
0.000195029	93.0717
0.000212243	92.9466
0.000219401	92.8905
0.000245	92.6805
0.000262733	92.5201
0.000280467	92.3498
0.0002982	92.1696
0.000315933	91.9796
0.000333667	91.7799
0.0003514	91.5707
0.000369133	91.3522
0.000386867	91.1246
0.0004046	90.8881
0.000422333	90.643
0.000440067	90.3893
0.0004578	90.1275
0.000475533	89.8576
0.000493267	89.5799
0.000511	89.2948
0.0005335	88.9226
0.000556	88.5389
0.0005785	88.1443
0.000601	87.7393
0.0006235	87.3243
0.000646	86.8998
0.0006685	86.4663
0.000691	86.0242
0.0007135	85.5739
0.000736	85.116
0.0007585	84.6509
0.000781	84.1789
0.0008035	83.7005
0.000826	83.216
0.0008485	82.726
0.000871	82.2306
0.0008935	81.7302
0.000916	81.2252
0.0009385	80.7158
0.000961	80.2021
0.0009835	79.6845
0.001006	79.1631
0.0010285	78.638
0.001051	78.1402
0.001061	77.8782
0.001074	77.5656
0.0010909	77.1625
0.00111287	76.6353
0.00113781	76.0322
0.00116276	75.4232
0.0011877	74.8072
0.00121265	74.1829
0.00123759	73.5484
0.00126253	72.9014
0.00128748	72.2383
0.00131242	71.5543
0.00133737	70.8426
0.00136231	70.0931
0.00138725	69.2903
0.001395	69.0166
)

((xy/key/label "line_x_0.058000_y0_z-")
-0.001395	69.0084
-0.00138725	69.2817
-0.00136231	70.0836
-0.00133737	70.8324
-0.00131242	71.5437
-0.00128748	72.2274
-0.00126253	72.8905
-0.00123759	73.5377
-0.00121265	74.1724
-0.0011877	74.7971
-0.00116276	75.4135
-0.00113781	76.023
-0.00111287	76.6267
-0.0010909	77.1544
-0.001074	77.5579
-0.001061	77.8752
-0.001051	78.1447
-0.0010285	78.6317
-0.001006	79.1574
-0.0009835	79.6795
-0.000961	80.1978
-0.0009385	80.712
-0.000916	81.2221
-0.0008935	81.7276
-0.000871	82.2285
-0.0008485	82.7243
-0.000826	83.2149
-0.0008035	83.6996
-0.000781	84.1784
-0.0007585	84.6507
-0.000736	85.1161
-0.0007135	85.5742
-0.000691	86.0245
-0.0006685	86.4667
-0.000646	86.9003
-0.0006235	87.3249
-0.000601	87.7398
-0.0005785	88.1448
-0.000556	88.5393
-0.0005335	88.9228
-0.000511	89.2949
-0.000493267	89.5798
-0.000475533	89.8573
-0.0004578	90.127
-0.000440067	90.3887
-0.000422333	90.6421
-0.0004046	90.8871
-0.000386867	91.1234
-0.000369133	91.3508
-0.0003514	91.5692
-0.000333667	91.7782
-0.000315933	91.9778
-0.0002982	92.1678
-0.000280467	92.3479
-0.000262733	92.5181
-0.000245	92.6786
-0.000219401	92.8886
-0.000212243	92.9447
-0.000195029	93.0699
-0.000181173	93.1652
-0.000170748	93.231
-0.000149367	93.3573
-0.000145705	93.3768
-0.000119312	93.5049
-0.000115409	93.522
-9.12793e-05	93.6117
-7.88228e-05	93.6517
-6.17887e-05	93.6945
-4.00416e-05	93.7372
-3.12046e-05	93.7481
-8.16566e-13	93.7688
)

((xy/key/label "line_x_0.061000_y0_z+")
-3.12482e-13	90.4807
3.17439e-05	90.4651
4.07245e-05	90.4568
6.27835e-05	90.4246
8.00177e-05	90.3923
9.25812e-05	90.3623
0.000116818	90.2952
0.000120723	90.2825
0.000147004	90.1877
0.000150636	90.1734
0.000171751	90.0809
0.000182008	90.0329
0.000195633	89.9634
0.000212545	89.8724
0.000219619	89.8313
0.000245	89.6772
0.000262733	89.5582
0.000280467	89.4319
0.0002982	89.298
0.000315933	89.1566
0.000333667	89.0078
0.0003514	88.8517
0.000369133	88.6886
0.000386867	88.5183
0.0004046	88.3412
0.000422333	88.1573
0.000440067	87.9668
0.0004578	87.7698
0.000475533	87.5665
0.000493267	87.357
0.000511	87.1416
0.0005335	86.8599
0.000556	86.569
0.0005785	86.2692
0.000601	85.9608
0.0006235	85.6443
0.000646	85.3198
0.0006685	84.9878
0.000691	84.6485
0.0007135	84.3023
0.000736	83.9494
0.0007585	83.5902
0.000781	83.2249
0.0008035	82.8537
0.000826	82.4771
0.0008485	82.095
0.000871	81.7079
0.0008935	81.3158
0.000916	80.9189
0.0009385	80.5174
0.000961	80.1112
0.0009835	79.7005
0.001006	79.2853
0.0010285	78.8655
0.001051	78.442
0.001061	78.2519
0.001074	78.0031
0.0010909	77.6772
0.00111287	77.2489
0.00113781	76.7561
0.00116276	76.2551
0.0011877	75.7445
0.00121265	75.2228
0.00123759	74.6876
0.00126253	74.1362
0.00128748	73.5645
0.00131242	72.9669
0.00133737	72.3357
0.00136231	71.6592
0.00138725	70.9197
0.001395	70.6613
)

((xy/key/label "line_x_0.061000_y0_z-")
-0.001395	70.6549
-0.00138725	70.9131
-0.00136231	71.6525
-0.00133737	72.3288
-0.00131242	72.9601
-0.00128748	73.5577
-0.00126253	74.1297
-0.00123759	74.6814
-0.00121265	75.2168
-0.0011877	75.739
-0.00116276	76.25
-0.00113781	76.7515
-0.00111287	77.2448
-0.0010909	77.6735
-0.001074	77.9998
-0.001061	78.2488
-0.001051	78.4392
-0.0010285	78.8631
-0.001006	79.2834
-0.0009835	79.6991
-0.000961	80.1102
-0.0009385	80.5167
-0.000916	80.9187
-0.0008935	81.3159
-0.000871	81.7083
-0.0008485	82.0958
-0.000826	82.478
-0.0008035	82.8549
-0.000781	83.2263
-0.0007585	83.5917
-0.000736	83.9511
-0.0007135	84.304
-0.000691	84.6503
-0.0006685	84.9897
-0.000646	85.3217
-0.0006235	85.6461
-0.000601	85.9626
-0.0005785	86.2709
-0.000556	86.5706
-0.0005335	86.8614
-0.000511	87.143
-0.000493267	87.3583
-0.000475533	87.5677
-0.0004578	87.7709
-0.000440067	87.9677
-0.000422333	88.1581
-0.0004046	88.3419
-0.000386867	88.5189
-0.000369133	88.689
-0.0003514	88.852
-0.000333667	89.008
-0.000315933	89.1567
-0.0002982	89.298
-0.000280467	89.4318
-0.000262733	89.5581
-0.000245	89.677
-0.000219619	89.8311
-0.000212545	89.8721
-0.000195633	89.9632
-0.000182008	90.0326
-0.000171751	90.0806
-0.000150636	90.1732
-0.000147004	90.1875
-0.000120723	90.2822
-0.000116818	90.295
-9.25812e-05	90.3621
-8.00177e-05	90.3921
-6.27835e-05	90.4244
-4.07245e-05	90.4567
-3.17439e-05	90.465
-3.12482e-13	90.4807
)
