(title "X Velocity")
(labels "Position" "X Velocity")

((xy/key/label "line_x_0.028000_y-_z0")
-1.42009e-05	101.108
-3.17605e-05	100.561
-4.58226e-05	105.339
-6.33464e-05	115.239
-7.71883e-05	130.906
-9.46658e-05	144.778
-0.000108256	158.242
-0.000124749	164.974
-0.000139068	168.642
-0.000152334	170.195
-0.000169802	171.231
-0.000183076	172.482
-0.000200581	173.102
-0.000213948	173.96
-0.000231462	174.625
-0.000253867	175.243
-0.0002716	175.661
-0.000289333	175.817
-0.000307067	175.873
-0.0003248	175.879
-0.000342533	175.837
-0.000360267	174.621
-0.000378	169.497
-0.000395733	163.659
-0.000413467	157.828
-0.0004312	152.088
-0.000448933	146.363
-0.000466667	140.684
-0.0004844	135.089
-0.000502133	129.557
-0.00052225	123.231
-0.00054475	116.004
-0.00056725	108.998
-0.00058975	102.231
-0.00061225	95.7171
-0.00063475	89.4623
-0.00065725	83.474
-0.00067975	77.7597
-0.00070225	72.328
-0.00072475	67.1891
-0.00074725	62.3481
-0.00076975	57.7922
-0.00079225	53.5697
-0.00081475	50.662
-0.00083725	50.166
-0.00085975	50.3407
-0.00088225	50.384
-0.00090475	50.4718
-0.00092725	50.5626
-0.00094975	50.6657
-0.00097225	50.7797
-0.00099475	50.9054
-0.00101725	51.0432
-0.00103975	51.193
-0.001056	51.3065
-0.0010675	51.3921
-0.00108245	51.5078
-0.00110188	51.6674
-0.00112534	51.8751
-0.00115029	52.1156
-0.00117523	52.3784
-0.00120017	52.6669
-0.00122512	52.9863
-0.00125006	53.3379
-0.00127501	53.7277
-0.00129995	54.1647
-0.00132489	54.658
-0.00134984	55.2196
-0.00137478	55.8725
-0.00139113	56.6448
)

((xy/key/label "line_x_0.028000_y+_z0")
0.00139113	56.6282
0.00137478	55.8617
0.00134984	55.2123
0.00132489	54.6522
0.00129995	54.1616
0.00127501	53.7259
0.00125006	53.3368
0.00122512	52.9859
0.00120017	52.6674
0.00117523	52.3797
0.00115029	52.1177
0.00112534	51.8779
0.00110188	51.6708
0.00108245	51.5117
0.0010675	51.3964
0.001056	51.3111
0.00103975	51.1979
0.00101725	51.0483
0.00099475	50.9108
0.00097225	50.7853
0.00094975	50.6715
0.00092725	50.5684
0.00090475	50.4776
0.00088225	50.3894
0.00085975	50.3466
0.00083725	50.1574
0.00081475	50.8375
0.00079225	53.958
0.00076975	58.2833
0.00074725	62.9159
0.00072475	67.8305
0.00070225	73.0373
0.00067975	78.53
0.00065725	84.2985
0.00063475	90.3333
0.00061225	96.6257
0.00058975	103.167
0.00056725	109.949
0.00054475	116.956
0.00052225	124.162
0.000502133	130.447
0.0004844	135.925
0.000466667	141.447
0.000448933	147.028
0.0004312	152.625
0.000413467	158.219
0.000395733	163.887
0.000378	169.533
0.000360267	174.435
0.000342533	175.911
0.0003248	175.916
0.000307067	175.897
0.000289333	175.826
0.0002716	175.643
0.000253867	175.176
0.000231462	174.528
0.000213948	173.885
0.000200581	173.044
0.000183076	172.369
0.000169802	171.079
0.000152334	170.061
0.000139068	168.29
0.000124749	164.127
0.000108256	156.841
9.46658e-05	142.907
7.71883e-05	128.927
6.33464e-05	113.609
4.58226e-05	104.429
3.17605e-05	100.369
1.42009e-05	101.544
)

((xy/key/label "line_x_0.031000_y-_z0")
-1.3992e-05	94.4868
-3.15305e-05	94.9191
-4.5435e-05	100.562
-6.29503e-05	112.75
-7.67144e-05	127.525
-9.41999e-05	141.516
-0.0001078	154.128
-0.00012397	160.669
-0.000138718	164.251
-0.000152103	165.899
-0.000169582	166.976
-0.000182972	168.223
-0.000200475	168.891
-0.000213927	169.87
-0.000231436	170.523
-0.000253867	169.271
-0.0002716	166.219
-0.000289333	162.981
-0.000307067	159.865
-0.0003248	156.699
-0.000342533	153.501
-0.000360267	150.3
-0.000378	147.098
-0.000395733	143.913
-0.000413467	140.748
-0.0004312	137.611
-0.000448933	134.506
-0.000466667	131.433
-0.0004844	128.4
-0.000502133	125.389
-0.00052225	121.957
-0.00054475	118.087
-0.00056725	114.275
-0.00058975	110.521
-0.00061225	106.826
-0.00063475	103.19
-0.00065725	99.6153
-0.00067975	96.1018
-0.00070225	92.6489
-0.00072475	89.2578
-0.00074725	85.9292
-0.00076975	82.6635
-0.00079225	79.4615
-0.00081475	76.3238
-0.00083725	73.2517
-0.00085975	70.247
-0.00088225	67.3092
-0.00090475	64.4403
-0.00092725	61.6375
-0.00094975	58.9067
-0.00097225	56.2369
-0.00099475	53.5311
-0.00101725	50.9626
-0.00103975	50.0324
-0.001056	50.0608
-0.0010675	50.1038
-0.00108245	50.0673
-0.00110188	50.0754
-0.00112534	50.0714
-0.00115029	50.0699
-0.00117523	50.0682
-0.00120017	50.0661
-0.00122512	50.0641
-0.00125006	50.0614
-0.00127501	50.0579
-0.00129995	50.0527
-0.00132489	50.0461
-0.00134984	50.0395
-0.00137478	50.0374
-0.00139113	50.035
)

((xy/key/label "line_x_0.031000_y+_z0")
0.00139113	50.0479
0.00137478	50.0495
0.00134984	50.053
0.00132489	50.059
0.00129995	50.0642
0.00127501	50.0684
0.00125006	50.0716
0.00122512	50.0742
0.00120017	50.0762
0.00117523	50.0782
0.00115029	50.0798
0.00112534	50.0815
0.00110188	50.0804
0.00108245	50.1135
0.0010675	50.07
0.001056	49.9848
0.00103975	50.2947
0.00101725	51.9871
0.00099475	54.8192
0.00097225	57.489
0.00094975	60.2112
0.00092725	62.9917
0.00090475	65.8316
0.00088225	68.7427
0.00085975	71.7229
0.00083725	74.7689
0.00081475	77.8792
0.00079225	81.0533
0.00076975	84.2901
0.00074725	87.5888
0.00072475	90.9485
0.00070225	94.368
0.00067975	97.8475
0.00065725	101.386
0.00063475	104.984
0.00061225	108.64
0.00058975	112.354
0.00056725	116.125
0.00054475	119.951
0.00052225	123.833
0.000502133	127.272
0.0004844	130.288
0.000466667	133.325
0.000448933	136.399
0.0004312	139.506
0.000413467	142.642
0.000395733	145.801
0.000378	148.975
0.000360267	152.163
0.000342533	155.349
0.0003248	158.505
0.000307067	161.628
0.000289333	164.81
0.0002716	167.99
0.000253867	170.535
0.000231436	170.339
0.000213927	169.551
0.000200475	168.623
0.000182972	167.892
0.000169582	166.575
0.000152103	165.501
0.000138718	163.408
0.00012397	158.797
0.0001078	151.039
9.41999e-05	137.701
7.67144e-05	123.204
6.29503e-05	108.758
4.5435e-05	98.2569
3.15305e-05	94.1534
1.3992e-05	94.7928
)

((xy/key/label "line_x_0.034000_y-_z0")
-1.37829e-05	93.2048
-3.13002e-05	95.2513
-4.50445e-05	101.819
-6.25514e-05	115.831
-7.62333e-05	129.061
-9.37268e-05	142.609
-0.000107334	154.145
-0.000123171	160.532
-0.000138358	162.857
-0.000151866	161.82
-0.000169357	160.502
-0.000182866	158.648
-0.000200368	157.045
-0.000213906	154.932
-0.00023141	153.268
-0.000253867	151.285
-0.0002716	149.097
-0.000289333	146.892
-0.000307067	144.681
-0.0003248	142.465
-0.000342533	140.252
-0.000360267	138.044
-0.000378	135.844
-0.000395733	133.656
-0.000413467	131.48
-0.0004312	129.317
-0.000448933	127.172
-0.000466667	125.045
-0.0004844	122.937
-0.000502133	120.84
-0.00052225	118.473
-0.00054475	115.854
-0.00056725	113.267
-0.00058975	110.709
-0.00061225	108.18
-0.00063475	105.66
-0.00065725	103.132
-0.00067975	100.593
-0.00070225	98.0507
-0.00072475	95.5134
-0.00074725	92.9886
-0.00076975	90.4818
-0.00079225	87.9973
-0.00081475	85.5369
-0.00083725	83.102
-0.00085975	80.6972
-0.00088225	78.3283
-0.00090475	76.0042
-0.00092725	73.7287
-0.00094975	71.4937
-0.00097225	69.2707
-0.00099475	67.0255
-0.00101725	64.7821
-0.00103975	62.7192
-0.001056	61.3808
-0.0010675	60.362
-0.00108245	59.0006
-0.00110188	57.1592
-0.00112534	54.8703
-0.00115029	52.3725
-0.00117523	49.7548
-0.00120017	47.1957
-0.00122512	45.2092
-0.00125006	44.8207
-0.00127501	44.82
-0.00129995	44.8144
-0.00132489	44.8241
-0.00134984	44.8613
-0.00137478	44.8141
-0.00139113	44.2073
)

((xy/key/label "line_x_0.034000_y+_z0")
0.00139113	44.5512
0.00137478	45.015
0.00134984	45.034
0.00132489	45.0037
0.00129995	45.0004
0.00127501	45.0149
0.00125006	45.0153
0.00122512	46.2202
0.00120017	48.7021
0.00117523	51.3947
0.00115029	53.9878
0.00112534	56.4644
0.00110188	58.7404
0.00108245	60.5797
0.0010675	61.9403
0.001056	62.9824
0.00103975	64.352
0.00101725	66.4416
0.00099475	68.7075
0.00097225	70.9724
0.00094975	73.2126
0.00092725	75.4615
0.00090475	77.7473
0.00088225	80.08
0.00085975	82.4565
0.00083725	84.8665
0.00081475	87.3035
0.00079225	89.7639
0.00076975	92.246
0.00074725	94.7466
0.00072475	97.2616
0.00070225	99.7849
0.00067975	102.308
0.00065725	104.824
0.00063475	107.329
0.00061225	109.838
0.00058975	112.368
0.00056725	114.927
0.00054475	117.516
0.00052225	120.134
0.000502133	122.5
0.0004844	124.594
0.000466667	126.7
0.000448933	128.825
0.0004312	130.967
0.000413467	133.124
0.000395733	135.296
0.000378	137.479
0.000360267	139.672
0.000342533	141.874
0.0003248	144.08
0.000307067	146.288
0.000289333	148.491
0.0002716	150.685
0.000253867	152.862
0.00023141	154.832
0.000213906	156.463
0.000200368	158.572
0.000182866	160.132
0.000169357	161.897
0.000151866	163.156
0.000138358	162.301
0.000123171	157.338
0.000107334	149.272
9.37268e-05	136.788
7.62333e-05	122.231
6.25514e-05	108.631
4.50445e-05	97.3295
3.13002e-05	93.2382
1.37829e-05	93.3117
)

((xy/key/label "line_x_0.037000_y-_z0")
-1.36111e-05	138.13
-3.11111e-05	138.52
-4.47222e-05	138.863
-6.22222e-05	139.329
-7.58333e-05	139.699
-9.33333e-05	140.029
-0.000106944	140.171
-0.0001225	140.238
-0.000138056	140.15
-0.000151667	139.816
-0.000169167	139.442
-0.000182778	138.795
-0.000200278	138.195
-0.000213889	137.288
-0.000231389	136.517
-0.000253867	135.522
-0.0002716	134.353
-0.000289333	133.114
-0.000307067	131.814
-0.0003248	130.465
-0.000342533	129.077
-0.000360267	127.657
-0.000378	126.211
-0.000395733	124.745
-0.000413467	123.262
-0.0004312	121.768
-0.000448933	120.265
-0.000466667	118.756
-0.0004844	117.244
-0.000502133	115.724
-0.00052225	114.007
-0.00054475	112.114
-0.00056725	110.219
-0.00058975	108.312
-0.00061225	106.378
-0.00063475	104.411
-0.00065725	102.417
-0.00067975	100.409
-0.00070225	98.3995
-0.00072475	96.3966
-0.00074725	94.4056
-0.00076975	92.4289
-0.00079225	90.4682
-0.00081475	88.5244
-0.00083725	86.5988
-0.00085975	84.6925
-0.00088225	82.807
-0.00090475	80.9444
-0.00092725	79.1063
-0.00094975	77.2924
-0.00097225	75.4989
-0.00099475	73.7194
-0.00101725	71.9613
-0.00103975	70.3035
-0.001056	69.1494
-0.0010675	68.2225
-0.00108245	67.0429
-0.00110188	65.458
-0.00112534	63.5219
-0.00115029	61.4856
-0.00117523	59.4675
-0.00120017	57.4485
-0.00122512	55.4159
-0.00125006	53.3453
-0.00127501	51.0918
-0.00129995	48.0097
-0.00132489	43.4836
-0.00134984	38.4016
-0.00137478	34.5802
-0.00139113	31.7717
)

((xy/key/label "line_x_0.037000_y+_z0")
0.00139113	35.7135
0.00137478	39.5695
0.00134984	44.7998
0.00132489	49.2822
0.00129995	52.2214
0.00127501	54.4065
0.00125006	56.4652
0.00122512	58.4796
0.00120017	60.4763
0.00117523	62.4712
0.00115029	64.4737
0.00112534	66.4887
0.00110188	68.3967
0.00108245	69.9688
0.0010675	71.1487
0.001056	72.0676
0.00103975	73.205
0.00101725	74.8309
0.00099475	76.5303
0.00097225	78.2515
0.00094975	79.9954
0.00092725	81.7666
0.00090475	83.5672
0.00088225	85.3955
0.00085975	87.2478
0.00083725	89.1205
0.00081475	91.0117
0.00079225	92.9204
0.00076975	94.8458
0.00074725	96.7865
0.00072475	98.7385
0.00070225	100.694
0.00067975	102.641
0.00065725	104.569
0.00063475	106.474
0.00061225	108.364
0.00058975	110.249
0.00056725	112.133
0.00054475	114.014
0.00052225	115.891
0.000502133	117.592
0.0004844	119.093
0.000466667	120.585
0.000448933	122.07
0.0004312	123.547
0.000413467	125.011
0.000395733	126.459
0.000378	127.887
0.000360267	129.289
0.000342533	130.659
0.0003248	131.99
0.000307067	133.272
0.000289333	134.495
0.0002716	135.645
0.000253867	136.711
0.000231389	137.567
0.000213889	138.172
0.000200278	139.008
0.000182778	139.42
0.000169167	139.951
0.000151667	140.118
0.000138056	140.288
0.0001225	140.172
0.000106944	139.951
9.33333e-05	139.625
7.58333e-05	139.242
6.22222e-05	138.76
4.47222e-05	138.401
3.11111e-05	138.075
1.36111e-05	137.934
)

((xy/key/label "line_x_0.040000_y-_z0")
-0.00139113	37.5061
-0.00137478	41.8914
-0.00134984	45.8033
-0.00132489	49.1766
-0.00129995	52.0807
-0.00127501	54.649
-0.00125006	57.0094
-0.00122512	59.2382
-0.00120017	61.3675
-0.00117523	63.4132
-0.00115029	65.3904
-0.00112534	67.309
-0.00110188	69.0623
-0.00108245	70.4718
-0.0010675	71.5172
-0.001056	72.3155
-0.00103975	73.3127
-0.00101725	74.7327
-0.00099475	76.1964
-0.00097225	77.6559
-0.00094975	79.1196
-0.00092725	80.5887
-0.00090475	82.0637
-0.00088225	83.5457
-0.00085975	85.0337
-0.00083725	86.5237
-0.00081475	88.0118
-0.00079225	89.4959
-0.00076975	90.9761
-0.00074725	92.4526
-0.00072475	93.9246
-0.00070225	95.3907
-0.00067975	96.8499
-0.00065725	98.301
-0.00063475	99.7431
-0.00061225	101.175
-0.00058975	102.596
-0.00056725	104.004
-0.00054475	105.398
-0.0004312	112.3
-0.000413467	113.339
-0.000395733	114.365
-0.000378	115.374
-0.000360267	116.367
-0.000342533	117.343
-0.0003248	118.297
-0.000307067	119.233
-0.000200459	124.057
-0.000213993	123.385
-0.000231433	122.688
-0.000253867	121.891
-0.0002716	121.03
-0.000289333	120.143
-0.000183065	124.72
-0.000169532	125.308
-0.000152118	125.931
-0.000138565	126.422
-0.000123038	127.002
-0.000107505	127.511
-9.38717e-05	127.915
-7.6329e-05	128.368
-6.26569e-05	128.647
-4.50553e-05	129.025
-3.13537e-05	129.171
-1.37182e-05	129.471
-0.000448933	111.247
-0.000466667	110.182
-0.0004844	109.105
-0.000502133	108.017
-0.00052225	106.777
)

((xy/key/label "line_x_0.040000_y+_z0")
0.00139113	49.8236
0.00137478	52.4825
0.00134984	54.8664
0.00132489	57.0943
0.00129995	59.235
0.00127501	61.298
0.00125006	63.2862
0.00122512	65.2107
0.00120017	67.0863
0.00117523	68.9246
0.00115029	70.7328
0.00112534	72.5172
0.00110188	74.1771
0.00108245	75.526
0.0010675	76.5318
0.001056	77.311
0.00103975	78.2853
0.00101725	79.6536
0.00099475	81.0662
0.00097225	82.4832
0.00094975	83.9084
0.00092725	85.3403
0.00090475	86.7779
0.00088225	88.22
0.00085975	89.6654
0.00083725	91.1128
0.00081475	92.5612
0.00079225	94.0093
0.00076975	95.456
0.00074725	96.8998
0.00072475	98.3394
0.00070225	99.7736
0.00067975	101.201
0.0004844	113.114
0.000466667	114.145
0.000448933	115.161
0.0004312	116.161
0.000413467	117.143
0.000395733	118.107
0.000378	119.05
0.000360267	119.969
0.000342533	120.864
0.0003248	121.733
0.000307067	122.574
0.000289333	123.383
0.0002716	124.159
0.000253867	124.899
0.000231433	125.518
0.000213993	125.965
0.000200459	126.677
0.000183065	127.065
0.000169533	127.685
0.000152118	128.008
0.000138566	128.527
0.000123038	128.775
0.000107505	128.93
9.38717e-05	129.34
7.63291e-05	129.41
6.2657e-05	129.687
4.50553e-05	129.666
3.13538e-05	129.8
1.37182e-05	129.687
0.000502133	112.066
0.00052225	110.87
0.00054475	109.535
0.00056725	108.181
0.00058975	106.811
0.00061225	105.427
0.00063475	104.029
0.00065725	102.62
)

((xy/key/label "line_x_0.043000_y-_z0")
-0.00139113	42.089
-0.00137478	43.8204
-0.00134984	45.5604
-0.00132489	47.3122
-0.00129995	49.0744
-0.00127501	50.8439
-0.00125006	52.6173
-0.00122512	54.3898
-0.00120017	56.1599
-0.00117523	57.9359
-0.00115029	59.7201
-0.00112534	61.4961
-0.00110188	63.1344
-0.00108245	64.4381
-0.0010675	65.3971
-0.001056	66.1222
-0.00103975	67.0469
-0.00101725	68.3839
-0.00099475	69.765
-0.00097225	71.1092
-0.00094975	72.422
-0.00092725	73.7221
-0.00090475	75.0166
-0.00088225	76.3052
-0.00085975	77.5871
-0.00083725	78.8619
-0.00081475	80.1294
-0.00079225	81.3892
-0.00076975	82.6406
-0.00074725	83.8833
-0.00072475	85.1168
-0.00070225	86.3404
-0.00067975	87.5535
-0.00065725	88.7552
-0.00063475	89.9451
-0.00061225	91.1227
-0.00058975	92.2868
-0.00056725	93.437
-0.00054475	94.5723
-0.00052225	95.692
-0.000502133	96.6946
-0.0004844	97.5749
-0.000466667	98.4424
-0.000448933	99.2981
-0.0004312	100.141
-0.000413467	100.971
-0.000395733	101.787
-0.000378	102.588
-0.000360267	103.373
-0.000342533	104.141
-0.0003248	104.892
-0.000307067	105.623
-0.000289333	106.335
-0.0002716	107.025
-0.000253867	107.694
-0.000231558	108.312
-0.000214292	108.849
-0.000200977	109.35
-0.000183884	109.855
-0.000170577	110.298
-0.000153408	110.773
-0.000140022	111.16
-0.000124576	111.602
-0.000109105	111.997
-9.54099e-05	112.338
-7.77454e-05	112.69
-6.3899e-05	112.963
-4.60068e-05	113.269
-3.2047e-05	113.469
-1.40241e-05	113.722
)

((xy/key/label "line_x_0.043000_y+_z0")
0.00139113	53.6291
0.00137478	55.1519
0.00134984	56.6624
0.00132489	58.1685
0.00129995	59.6745
0.00127501	61.1827
0.00125006	62.6942
0.00122512	64.209
0.00120017	65.7265
0.00117523	67.2455
0.00115029	68.7644
0.00112534	70.282
0.00110188	71.7068
0.00108245	72.8765
0.0010675	73.7574
0.001056	74.4252
0.00103975	75.2797
0.00101725	76.5051
0.00099475	77.7576
0.00097225	78.9969
0.00094975	80.2356
0.00092725	81.4734
0.00090475	82.7092
0.00088225	83.9421
0.00085975	85.1711
0.00083725	86.3951
0.00081475	87.6132
0.00079225	88.8242
0.00076975	90.0271
0.00074725	91.2206
0.00072475	92.4036
0.00070225	93.5746
0.00067975	94.7324
0.00065725	95.8755
1.40242e-05	114.035
3.20471e-05	114.168
4.60069e-05	114.205
6.3899e-05	114.276
7.77454e-05	114.227
9.54099e-05	114.237
0.000109105	114.106
0.000124576	114.058
0.000140022	113.949
0.000153408	113.744
0.000170577	113.581
0.000183884	113.304
0.000200977	113.089
0.000214292	112.739
0.000231558	112.472
0.000253867	112.105
0.0002716	111.661
0.000289333	111.184
0.000307067	110.674
0.0003248	110.131
0.000342533	109.558
0.000360267	108.954
0.000378	108.324
0.000395733	107.667
0.000413467	106.984
0.0004312	106.279
0.000448933	105.551
0.000466667	104.803
0.0004844	104.034
0.000502133	103.247
0.00052225	102.341
0.00054475	101.318
0.00056725	100.271
0.00058975	99.2017
0.00061225	98.1116
0.00063475	97.0023
)

((xy/key/label "line_x_0.046000_y-_z0")
-0.00099475	65.1996
-0.00097225	66.202
-0.00094975	67.2067
-0.00092725	68.2129
-0.00090475	69.2199
-0.00088225	70.227
-0.00085975	71.2334
-0.00083725	72.2384
-0.00081475	73.2411
-0.00079225	74.2409
-0.00076975	75.2368
-0.00074725	76.2282
-0.00072475	77.2143
-0.00070225	78.1941
-0.00067975	79.1669
-0.00065725	80.1319
-0.00063475	81.0881
-0.00061225	82.035
-0.00058975	82.9713
-0.00056725	83.8962
-0.00054475	84.8089
-0.00052225	85.7085
-0.000502133	86.5125
-0.0004844	87.2191
-0.000466667	87.9153
-0.000448933	88.6008
-0.0004312	89.2752
-0.000413467	89.9377
-0.000395733	90.5874
-0.000378	91.2243
-0.000360267	91.8475
-0.000342533	92.4564
-0.0003248	93.0503
-0.000307067	93.6284
-0.000289333	94.1913
-0.0002716	94.7359
-0.000253867	95.264
-0.000231683	95.7373
-0.000214589	96.1345
-0.000201494	96.5489
-0.000184703	96.9189
-0.000171622	97.2937
-0.000154698	97.6411
-0.000141479	97.9831
-0.000126114	98.3097
-0.000110706	98.6013
-9.69481e-05	98.9186
-7.91617e-05	99.1839
-6.51411e-05	99.4621
-4.69584e-05	99.6956
-3.27403e-05	99.9281
-1.43301e-05	100.125
-0.00101725	64.2009
-0.00103975	63.2175
-0.001056	62.526
-0.0010675	61.9983
-0.00108245	61.3028
-0.00110188	60.3925
-0.00112534	59.2952
-0.00115029	58.1336
-0.00117523	56.9792
-0.00120017	55.8343
-0.00122512	54.6993
-0.00125006	53.5739
-0.00127501	52.4574
-0.00129995	51.3485
-0.00132489	50.2451
-0.00134984	49.1436
-0.00137478	48.0383
-0.00139113	46.9204
)

((xy/key/label "line_x_0.046000_y+_z0")
1.43301e-05	100.461
3.27404e-05	100.573
4.69584e-05	100.697
6.51411e-05	100.765
7.91618e-05	100.833
9.69481e-05	100.858
0.000110706	100.87
0.000126114	100.854
0.000141479	100.797
0.000154698	100.76
0.000171622	100.667
0.000184703	100.58
0.000201494	100.452
0.000214589	100.314
0.000231683	100.149
0.000253867	99.9338
0.0002716	99.6846
0.000289333	99.4082
0.000307067	99.1047
0.0003248	98.7749
0.000342533	98.4196
0.000360267	98.0381
0.000378	97.6332
0.000395733	97.2052
0.000413467	96.7547
0.0004312	96.2825
0.000448933	95.7898
0.000466667	95.2772
0.0004844	94.7456
0.000502133	94.196
0.00052225	93.5592
0.00054475	92.8325
0.00056725	92.0822
0.00058975	91.3097
0.00061225	90.5165
0.00063475	89.7044
0.00065725	88.8745
0.00067975	88.0287
0.00070225	87.1681
0.00072475	86.2942
0.00074725	85.4083
0.00076975	84.5117
0.00079225	83.6058
0.00081475	82.6917
0.00083725	81.7706
0.00085975	80.8438
0.00088225	79.9122
0.00090475	78.9772
0.00092725	78.0398
0.00094975	77.1009
0.00097225	76.1617
0.00099475	75.223
0.00101725	74.2865
0.00103975	73.3646
0.001056	72.7147
0.0010675	72.2186
0.00108245	71.5637
0.00110188	70.7044
0.00112534	69.667
0.00115029	68.5694
0.00117523	67.4767
0.00120017	66.3899
0.00122512	65.3088
0.00125006	64.2331
0.00127501	63.1618
0.00129995	62.0929
0.00132489	61.0236
0.00134984	59.9492
0.00137478	58.8627
0.00139113	57.7532
)

((xy/key/label "line_x_0.049000_y-_z0")
-0.00139113	50.3395
-0.00137478	51.1834
-0.00134984	52.0045
-0.00132489	52.8129
-0.00129995	53.6148
-0.00127501	54.4149
-0.00125006	55.2162
-0.00122512	56.021
-0.00120017	56.8307
-0.00117523	57.6463
-0.00115029	58.4684
-0.00112534	59.2966
-0.00110188	60.0808
-0.00108245	60.734
-0.0010675	61.2367
-0.001056	61.6224
-0.00103975	62.1381
-0.00101725	62.8621
-0.00099475	63.5932
-0.00097225	64.3282
-0.00094975	65.0664
-0.00092725	65.8074
-0.00090475	66.5509
-0.00088225	67.2962
-0.00085975	68.0429
-0.00083725	68.7905
-0.00081475	69.5383
-0.00079225	70.2858
-0.00076975	71.0324
-0.00074725	71.7774
-0.00072475	72.5201
-0.00070225	73.2598
-0.00067975	73.996
-0.00065725	74.7277
-0.00063475	75.4543
-0.00061225	76.1749
-0.00058975	76.8889
-0.00056725	77.5954
-0.00054475	78.2936
-0.00052225	78.9826
-0.000502133	79.5994
-0.0004844	80.1426
-0.000466667	80.6785
-0.000448933	81.2066
-0.0004312	81.7264
-0.000413467	82.2375
-0.000395733	82.7394
-0.000378	83.2317
-0.000360267	83.7139
-0.000342533	84.1854
-0.0003248	84.646
-0.000307067	85.0951
-0.000289333	85.5322
-0.0002716	85.957
-0.000253867	86.3693
-0.000231808	86.7346
-0.000214886	87.0358
-0.00020201	87.3629
-0.000185521	87.6432
-0.000172666	87.9427
-0.000155987	88.2085
-0.000142936	88.4894
-0.000127652	88.7413
-0.000112306	88.9702
-9.84863e-05	89.2413
-8.05781e-05	89.4541
-6.63832e-05	89.7019
-4.791e-05	89.8938
-3.34336e-05	90.1128
-1.4636e-05	90.2789
)

((xy/key/label "line_x_0.049000_y+_z0")
1.46361e-05	90.5994
3.34336e-05	90.7053
4.791e-05	90.8491
6.63832e-05	90.9224
8.05781e-05	91.0256
9.84863e-05	91.0671
0.000112306	91.1311
0.000127652	91.143
0.000142936	91.1271
0.000155987	91.1559
0.000172666	91.1146
0.000185521	91.1104
0.00020201	91.0455
0.000214886	91.0074
0.000231808	90.9175
0.000253867	90.803
0.0002716	90.6735
0.000289333	90.5244
0.000307067	90.3554
0.0003248	90.167
0.000342533	89.9595
0.000360267	89.7333
0.000378	89.4889
0.000395733	89.2266
0.000413467	88.9471
0.0004312	88.6509
0.000448933	88.3376
0.000466667	88.0093
0.0004844	87.6655
0.000502133	87.3071
0.00052225	86.8896
0.00054475	86.4087
0.00056725	85.908
0.00058975	85.3887
0.00061225	84.8519
0.00063475	84.2988
0.00065725	83.7302
0.00067975	83.1474
0.00070225	82.5516
0.00072475	81.9438
0.00074725	81.325
0.00076975	80.6961
0.00079225	80.0582
0.00081475	79.4122
0.00083725	78.759
0.00085975	78.0995
0.00088225	77.4346
0.00090475	76.7651
0.00092725	76.0918
0.00094975	75.4153
0.00097225	74.7363
0.00099475	74.0557
0.00101725	73.374
0.00103975	72.6959
0.001056	72.211
0.0010675	71.8469
0.00108245	71.3699
0.00110188	70.7465
0.00112534	69.9937
0.00115029	69.1946
0.00117523	68.3958
0.00120017	67.5972
0.00122512	66.7982
0.00125006	65.9976
0.00127501	65.1938
0.00129995	64.3843
0.00132489	63.5655
0.00134984	62.732
0.00137478	61.8761
0.00139113	60.9855
)

((xy/key/label "line_x_0.052000_y-_z0")
-0.00139113	52.9631
-0.00137478	53.6648
-0.00134984	54.3345
-0.00132489	54.9833
-0.00129995	55.6185
-0.00127501	56.2449
-0.00125006	56.866
-0.00122512	57.4845
-0.00120017	58.1019
-0.00117523	58.7197
-0.00115029	59.3389
-0.00112534	59.9596
-0.00110188	60.5454
-0.00108245	61.0321
-0.0010675	61.4067
-0.001056	61.6945
-0.00103975	62.0851
-0.00101725	62.6281
-0.00099475	63.1741
-0.00097225	63.7219
-0.00094975	64.2712
-0.00092725	64.8219
-0.00090475	65.3737
-0.00088225	65.9264
-0.00085975	66.4795
-0.00083725	67.0327
-0.00081475	67.5857
-0.00079225	68.1381
-0.00076975	68.6895
-0.00074725	69.2393
-0.00072475	69.7873
-0.00070225	70.3328
-0.00067975	70.8754
-0.00065725	71.4147
-0.00063475	71.9501
-0.00061225	72.4811
-0.00058975	73.007
-0.00056725	73.5276
-0.00054475	74.042
-0.00052225	74.5498
-0.000502133	75.0041
-0.0004844	75.4047
-0.000466667	75.7999
-0.000448933	76.1895
-0.0004312	76.573
-0.000413467	76.9503
-0.000395733	77.321
-0.000378	77.6848
-0.000360267	78.0413
-0.000342533	78.3904
-0.0003248	78.7317
-0.000307067	79.0648
-0.000289333	79.3895
-0.0002716	79.7056
-0.000253867	80.0131
-0.000231932	80.2805
-0.000215183	80.4959
-0.000202526	80.7458
-0.000186339	80.9459
-0.000173709	81.1773
-0.000157276	81.3686
-0.000144393	81.5899
-0.00012919	81.7747
-0.000113906	81.9452
-0.000100024	82.1655
-8.19945e-05	82.3279
-6.76252e-05	82.5359
-4.88616e-05	82.6862
-3.41269e-05	82.8768
-1.4942e-05	83.0109
)

((xy/key/label "line_x_0.052000_y+_z0")
1.4942e-05	83.2935
3.41269e-05	83.387
4.88616e-05	83.5267
6.76253e-05	83.5975
8.19945e-05	83.7088
0.000100024	83.7571
0.000113906	83.8411
0.00012919	83.8687
0.000144393	83.8781
0.000157276	83.9371
0.000173709	83.9297
0.000186339	83.9671
0.000202526	83.9446
0.000215183	83.9607
0.000231932	83.923
0.000253867	83.8768
0.0002716	83.8271
0.000289333	83.7642
0.000307067	83.6879
0.0003248	83.5983
0.000342533	83.4955
0.000360267	83.3793
0.000378	83.2502
0.000395733	83.1086
0.000413467	82.9548
0.0004312	82.7887
0.000448933	82.6107
0.000466667	82.4211
0.0004844	82.2201
0.000502133	82.0081
0.00052225	81.759
0.00054475	81.4681
0.00056725	81.1618
0.00058975	80.8406
0.00061225	80.5054
0.00063475	80.1566
0.00065725	79.7952
0.00067975	79.4216
0.00070225	79.0366
0.00072475	78.6409
0.00074725	78.2351
0.00076975	77.8199
0.00079225	77.396
0.00081475	76.9639
0.00083725	76.5243
0.00085975	76.0778
0.00088225	75.6249
0.00090475	75.1662
0.00092725	74.7021
0.00094975	74.2332
0.00097225	73.7599
0.00099475	73.2826
0.00101725	72.8017
0.00103975	72.3186
0.001056	71.9678
0.0010675	71.7082
0.00108245	71.3686
0.00110188	70.9239
0.00112534	70.3839
0.00115029	69.8061
0.00117523	69.2236
0.00120017	68.6357
0.00122512	68.0414
0.00125006	67.4393
0.00127501	66.8274
0.00129995	66.2026
0.00132489	65.5608
0.00134984	64.896
0.00137478	64.1994
0.00139113	63.4572
)

((xy/key/label "line_x_0.055000_y-_z0")
-0.00139113	55.0005
-0.00137478	55.6354
-0.00134984	56.2289
-0.00132489	56.7936
-0.00129995	57.3379
-0.00127501	57.8674
-0.00125006	58.3859
-0.00122512	58.8965
-0.00120017	59.4011
-0.00117523	59.9015
-0.00115029	60.3987
-0.00112534	60.8934
-0.00110188	61.3574
-0.00108245	61.7409
-0.0010675	62.0352
-0.001056	62.2609
-0.00103975	62.5703
-0.00101725	62.9981
-0.00099475	63.4259
-0.00097225	63.8532
-0.00094975	64.2801
-0.00092725	64.7066
-0.00090475	65.1324
-0.00088225	65.5575
-0.00085975	65.9817
-0.00083725	66.4048
-0.00081475	66.8266
-0.00079225	67.2469
-0.00076975	67.6654
-0.00074725	68.0819
-0.00072475	68.4961
-0.00070225	68.9077
-0.00067975	69.3165
-0.00065725	69.722
-0.00063475	70.1239
-0.00061225	70.522
-0.00058975	70.9159
-0.00056725	71.3052
-0.00054475	71.6895
-0.00052225	72.0685
-0.000502133	72.4073
-0.0004844	72.7059
-0.000466667	73.0004
-0.000448933	73.2906
-0.0004312	73.5762
-0.000413467	73.8572
-0.000395733	74.1332
-0.000378	74.4041
-0.000360267	74.6698
-0.000342533	74.93
-0.0003248	75.1845
-0.000307067	75.4332
-0.000289333	75.676
-0.0002716	75.9126
-0.000253867	76.1432
-0.000232057	76.3387
-0.000215479	76.4905
-0.000203041	76.6862
-0.000187156	76.8265
-0.000174753	77.0093
-0.000158565	77.1447
-0.000145849	77.3226
-0.000130728	77.4556
-0.000115507	77.5798
-0.000101563	77.7612
-8.34108e-05	77.8822
-6.88673e-05	78.0577
-4.98132e-05	78.1724
-3.48202e-05	78.3375
-1.5248e-05	78.4417
)

((xy/key/label "line_x_0.055000_y+_z0")
1.5248e-05	78.6828
3.48202e-05	78.7599
4.98132e-05	78.8897
6.88673e-05	78.9504
8.34108e-05	79.0596
0.000101563	79.104
0.000115507	79.1932
0.000130728	79.2226
0.000145849	79.2399
0.000158565	79.3102
0.000174753	79.3159
0.000187156	79.3714
0.000203041	79.3674
0.000215479	79.4093
0.000232057	79.3964
0.000253867	79.3848
0.0002716	79.3768
0.000289333	79.36
0.000307067	79.334
0.0003248	79.2989
0.000342533	79.2548
0.000360267	79.2016
0.000378	79.1395
0.000395733	79.0686
0.000413467	78.9889
0.0004312	78.9005
0.000448933	78.8036
0.000466667	78.6983
0.0004844	78.5848
0.000502133	78.4629
0.00052225	78.3184
0.00054475	78.1466
0.00056725	77.963
0.00058975	77.7681
0.00061225	77.562
0.00063475	77.3453
0.00065725	77.1182
0.00067975	76.8813
0.00070225	76.6347
0.00072475	76.379
0.00074725	76.1145
0.00076975	75.8416
0.00079225	75.5607
0.00081475	75.272
0.00083725	74.976
0.00085975	74.6731
0.00088225	74.3634
0.00090475	74.0474
0.00092725	73.7253
0.00094975	73.3973
0.00097225	73.0638
0.00099475	72.7248
0.00101725	72.3805
0.00103975	72.0314
0.001056	71.7752
0.0010675	71.5875
0.00108245	71.3414
0.00110188	71.0174
0.00112534	70.6207
0.00115029	70.1918
0.00117523	69.7547
0.00120017	69.3084
0.00122512	68.8515
0.00125006	68.3823
0.00127501	67.8984
0.00129995	67.3962
0.00132489	66.8712
0.00134984	66.3163
0.00137478	65.7215
0.00139113	65.0709
)

((xy/key/label "line_x_0.058000_y-_z0")
-0.00139113	56.5427
-0.00137478	57.1474
-0.00134984	57.7015
-0.00132489	58.22
-0.00129995	58.7122
-0.00127501	59.1847
-0.00125006	59.642
-0.00122512	60.0874
-0.00120017	60.5233
-0.00117523	60.9515
-0.00115029	61.3735
-0.00112534	61.7902
-0.00110188	62.1784
-0.00108245	62.4976
-0.0010675	62.7414
-0.001056	62.9281
-0.00103975	63.1857
-0.00101725	63.5409
-0.00099475	63.8941
-0.00097225	64.2455
-0.00094975	64.595
-0.00092725	64.9427
-0.00090475	65.2887
-0.00088225	65.6328
-0.00085975	65.975
-0.00083725	66.3152
-0.00081475	66.6534
-0.00079225	66.9894
-0.00076975	67.3232
-0.00074725	67.6544
-0.00072475	67.9831
-0.00070225	68.3089
-0.00067975	68.6318
-0.00065725	68.9515
-0.00063475	69.2679
-0.00061225	69.5806
-0.00058975	69.8896
-0.00056725	70.1946
-0.00054475	70.4953
-0.00052225	70.7915
-0.000502133	71.0559
-0.0004844	71.2888
-0.000466667	71.5184
-0.000448933	71.7445
-0.0004312	71.967
-0.000413467	72.1858
-0.000395733	72.4008
-0.000378	72.6118
-0.000360267	72.8188
-0.000342533	73.0216
-0.0003248	73.22
-0.000307067	73.4141
-0.000289333	73.6037
-0.0002716	73.7888
-0.000253867	73.9693
-0.000232181	74.1183
-0.000215775	74.2288
-0.000203555	74.3897
-0.000187972	74.4911
-0.000175796	74.6425
-0.000159854	74.7411
-0.000147306	74.8904
-0.000132265	74.9888
-0.000117107	75.0817
-0.000103101	75.2368
-8.48271e-05	75.3292
-7.01094e-05	75.4818
-5.07648e-05	75.5709
-3.55135e-05	75.7173
-1.55539e-05	75.7997
)

((xy/key/label "line_x_0.058000_y+_z0")
1.55539e-05	76.0085
3.55135e-05	76.0715
5.07648e-05	76.1917
7.01094e-05	76.2422
8.48271e-05	76.3464
0.000103101	76.3842
0.000117107	76.4728
0.000132265	76.4988
0.000147306	76.5164
0.000159854	76.5894
0.000175796	76.5983
0.000187972	76.6604
0.000203555	76.6626
0.000215775	76.7154
0.000232181	76.7123
0.000253867	76.7161
0.0002716	76.7276
0.000289333	76.7328
0.000307067	76.7314
0.0003248	76.7235
0.000342533	76.7091
0.000360267	76.6881
0.000378	76.6606
0.000395733	76.6267
0.000413467	76.5863
0.0004312	76.5395
0.000448933	76.4864
0.000466667	76.427
0.0004844	76.3614
0.000502133	76.2896
0.00052225	76.2033
0.00054475	76.0985
0.00056725	75.9846
0.00058975	75.8616
0.00061225	75.7299
0.00063475	75.5896
0.00065725	75.441
0.00067975	75.2841
0.00070225	75.1193
0.00072475	74.9467
0.00074725	74.7665
0.00076975	74.5789
0.00079225	74.3841
0.00081475	74.1823
0.00083725	73.9737
0.00085975	73.7585
0.00088225	73.5367
0.00090475	73.3085
0.00092725	73.0741
0.00094975	72.8336
0.00097225	72.5869
0.00099475	72.3342
0.00101725	72.0753
0.00103975	71.8104
0.001056	71.6145
0.0010675	71.4721
0.00108245	71.2844
0.00110188	71.0359
0.00112534	70.7289
0.00115029	70.3934
0.00117523	70.0474
0.00120017	69.6898
0.00122512	69.3188
0.00125006	68.9326
0.00127501	68.528
0.00129995	68.1013
0.00132489	67.6469
0.00134984	67.157
0.00137478	66.6198
0.00139113	66.0168
)

((xy/key/label "line_x_0.061000_y-_z0")
-0.00139113	57.8004
-0.00137478	58.3924
-0.00134984	58.9237
-0.00132489	59.4119
-0.00129995	59.868
-0.00127501	60.2996
-0.00125006	60.7121
-0.00122512	61.1092
-0.00120017	61.4937
-0.00117523	61.8678
-0.00115029	62.233
-0.00112534	62.5908
-0.00110188	62.9216
-0.00108245	63.1919
-0.0010675	63.3975
-0.001056	63.5544
-0.00103975	63.7726
-0.00101725	64.0727
-0.00099475	64.3696
-0.00097225	64.6634
-0.00094975	64.9542
-0.00092725	65.2423
-0.00090475	65.5277
-0.00088225	65.8105
-0.00085975	66.0907
-0.00083725	66.3684
-0.00081475	66.6435
-0.00079225	66.916
-0.00076975	67.1859
-0.00074725	67.4531
-0.00072475	67.7175
-0.00070225	67.9792
-0.00067975	68.2379
-0.00065725	68.4936
-0.00063475	68.7462
-0.00061225	68.9956
-0.00058975	69.2416
-0.00056725	69.4842
-0.00054475	69.7231
-0.00052225	69.9583
-0.000502133	70.168
-0.0004844	70.3527
-0.000466667	70.5347
-0.000448933	70.7139
-0.0004312	70.8902
-0.000413467	71.0636
-0.000395733	71.2341
-0.000378	71.4015
-0.000360267	71.5657
-0.000342533	71.7268
-0.0003248	71.8847
-0.000307067	72.0392
-0.000289333	72.1904
-0.0002716	72.3382
-0.000253867	72.4827
-0.000232305	72.598
-0.00021607	72.6785
-0.000204069	72.8152
-0.000188788	72.8883
-0.000176838	73.0181
-0.000161142	73.0897
-0.000148762	73.2196
-0.000133803	73.2924
-0.000118708	73.3619
-0.000104639	73.499
-8.62435e-05	73.57
-7.13515e-05	73.7071
-5.17164e-05	73.777
-3.62068e-05	73.911
-1.58599e-05	73.9768
)

((xy/key/label "line_x_0.061000_y+_z0")
1.58599e-05	74.1624
3.62068e-05	74.2142
5.17164e-05	74.3286
7.13515e-05	74.3707
8.62435e-05	74.4723
0.000104639	74.5041
0.000118708	74.5929
0.000133803	74.6152
0.000148762	74.6313
0.000161142	74.7068
0.000176838	74.7161
0.000188788	74.783
0.000204069	74.7877
0.000216071	74.8482
0.000232305	74.8502
0.000253867	74.8634
0.0002716	74.8876
0.000289333	74.9072
0.000307067	74.9221
0.0003248	74.9323
0.000342533	74.9377
0.000360267	74.9384
0.000378	74.9344
0.000395733	74.9255
0.000413467	74.912
0.0004312	74.8937
0.000448933	74.8707
0.000466667	74.8429
0.0004844	74.8106
0.000502133	74.7736
0.00052225	74.7278
0.00054475	74.6698
0.00056725	74.6047
0.00058975	74.5327
0.00061225	74.4537
0.00063475	74.3679
0.00065725	74.2753
0.00067975	74.1759
0.00070225	74.07
0.00072475	73.9575
0.00074725	73.8385
0.00076975	73.7131
0.00079225	73.5814
0.00081475	73.4433
0.00083725	73.299
0.00085975	73.1485
0.00088225	72.9918
0.00090475	72.8288
0.00092725	72.6597
0.00094975	72.4842
0.00097225	72.3025
0.00099475	72.1142
0.00101725	71.9193
0.00103975	71.7175
0.001056	71.5674
0.0010675	71.4588
0.00108245	71.315
0.00110188	71.1231
0.00112534	70.8832
0.00115029	70.6174
0.00117523	70.3393
0.00120017	70.0475
0.00122512	69.7402
0.00125006	69.4147
0.00127501	69.0679
0.00129995	68.695
0.00132489	68.2898
0.00134984	67.843
0.00137478	67.3407
0.00139113	66.7614
)
