(title "X Velocity")
(labels "Position" "X Velocity")

((xy/key/label "line_x_0.028000_y0_z-")
-0.00139113	56.6477
-0.00137478	55.8752
-0.00134984	55.2222
-0.00132489	54.6605
-0.00129995	54.1671
-0.00127501	53.7302
-0.00125006	53.3404
-0.00122512	52.9887
-0.00120017	52.6694
-0.00117523	52.3808
-0.00115029	52.118
-0.00112534	51.8775
-0.00110188	51.6697
-0.00108245	51.5101
-0.0010675	51.3943
-0.001056	51.3087
-0.00103975	51.1952
-0.00101725	51.0453
-0.00099475	50.9074
-0.00097225	50.7815
-0.00094975	50.6675
-0.00092725	50.5643
-0.00090475	50.4733
-0.00088225	50.3855
-0.00085975	50.3414
-0.00083725	50.1744
-0.00081475	50.595
-0.00079225	53.4211
-0.00076975	57.6056
-0.00074725	62.1371
-0.00072475	66.9484
-0.00070225	72.0627
-0.00067975	77.4715
-0.00065725	83.1651
-0.00063475	89.1355
-0.00061225	95.3757
-0.00058975	101.879
-0.00056725	108.639
-0.00054475	115.642
-0.00052225	122.873
-0.000502133	129.212
-0.0004844	134.757
-0.000466667	140.369
-0.000448933	146.071
-0.0004312	151.825
-0.000413467	157.598
-0.000395733	163.457
-0.000378	169.335
-0.000360267	174.547
-0.000342533	175.792
-0.0003248	175.857
-0.000307067	175.859
-0.000289333	175.804
-0.0002716	175.65
-0.000253867	175.245
-0.000231462	174.643
-0.000213948	173.982
-0.000200581	173.103
-0.000183076	172.512
-0.000169802	171.29
-0.000152334	170.268
-0.000139068	168.654
-0.000124749	164.923
-0.000108256	158.061
-9.46658e-05	143.706
-7.71883e-05	129.638
-6.33464e-05	113.358
-4.58226e-05	104.51
-3.17605e-05	100.295
-1.42009e-05	101.347
)

((xy/key/label "line_x_0.028000_y0_z+")
1.42009e-05	101.068
3.17605e-05	99.8073
4.58226e-05	103.879
6.33464e-05	113.542
7.71883e-05	129.121
9.46658e-05	143.844
0.000108256	157.77
0.000124749	164.843
0.000139068	168.577
0.000152334	170.04
0.000169802	171.116
0.000183076	172.342
0.000200581	172.92
0.000213948	173.746
0.000231462	174.411
0.000253867	175.039
0.0002716	175.38
0.000289333	175.512
0.000307067	175.577
0.0003248	175.56
0.000342533	175.625
0.000360267	173.706
0.000378	168.548
0.000395733	162.654
0.000413467	156.793
0.0004312	150.961
0.000448933	145.148
0.000466667	139.389
0.0004844	133.713
0.000502133	128.102
0.00052225	121.691
0.00054475	114.462
0.00056725	107.466
0.00058975	100.713
0.00061225	94.2122
0.00063475	87.972
0.00065725	81.9984
0.00067975	76.2977
0.00070225	70.8785
0.00072475	65.7504
0.00074725	60.9172
0.00076975	56.3388
0.00079225	52.1827
0.00081475	49.6336
0.00083725	49.4213
0.00085975	49.5586
0.00088225	49.6043
0.00090475	49.6869
0.00092725	49.7729
0.00094975	49.8701
0.00097225	49.9768
0.00099475	50.0936
0.00101725	50.221
0.00103975	50.3598
0.001056	50.4684
0.0010675	50.5505
0.00108245	50.6627
0.00110188	50.8176
0.00112534	51.0174
0.00115029	51.2481
0.00117523	51.5018
0.00120017	51.7819
0.00122512	52.0927
0.00125006	52.4401
0.00127501	52.8299
0.00129995	53.2672
0.00132489	53.7594
0.00134984	54.3134
0.00137478	54.942
0.00139113	55.6599
)

((xy/key/label "line_x_0.031000_y0_z-")
-0.00139113	50.0575
-0.00137478	50.06
-0.00134984	50.0618
-0.00132489	50.0681
-0.00129995	50.0746
-0.00127501	50.0796
-0.00125006	50.083
-0.00122512	50.0854
-0.00120017	50.0873
-0.00117523	50.0891
-0.00115029	50.0903
-0.00112534	50.0912
-0.00110188	50.0953
-0.00108245	50.091
-0.0010675	50.1205
-0.001056	50.105
-0.00103975	50.0351
-0.00101725	50.6737
-0.00099475	53.0308
-0.00097225	55.7666
-0.00094975	58.4136
-0.00092725	61.1327
-0.00090475	63.9182
-0.00088225	66.7617
-0.00085975	69.6745
-0.00083725	72.6621
-0.00081475	75.718
-0.00079225	78.8406
-0.00076975	82.0284
-0.00074725	85.2807
-0.00072475	88.5968
-0.00070225	91.9762
-0.00067975	95.4184
-0.00065725	98.923
-0.00063475	102.49
-0.00061225	106.118
-0.00058975	109.807
-0.00056725	113.556
-0.00054475	117.364
-0.00052225	121.231
-0.000502133	124.662
-0.0004844	127.672
-0.000466667	130.707
-0.000448933	133.776
-0.0004312	136.885
-0.000413467	140.024
-0.000395733	143.191
-0.000378	146.383
-0.000360267	149.583
-0.000342533	152.797
-0.0003248	156.005
-0.000307067	159.182
-0.000289333	162.31
-0.0002716	165.509
-0.000253867	168.597
-0.000231436	170.426
-0.000213927	169.954
-0.000200475	168.94
-0.000182972	168.288
-0.000169582	167.051
-0.000152103	165.997
-0.000138718	164.177
-0.00012397	160.344
-0.0001078	153.346
-9.41999e-05	138.555
-7.67144e-05	123.599
-6.29503e-05	107.434
-4.5435e-05	97.9068
-3.15305e-05	94.02
-1.3992e-05	94.7448
)

((xy/key/label "line_x_0.031000_y0_z+")
1.3992e-05	94.5465
3.15305e-05	94.4849
4.5435e-05	98.0237
6.29503e-05	109.463
7.67144e-05	123.622
9.41999e-05	139.481
0.0001078	153.062
0.00012397	160.485
0.000138718	164.338
0.000152103	165.976
0.000169582	167.086
0.000182972	168.279
0.000200475	168.951
0.000213927	169.959
0.000231436	170.419
0.000253867	168.181
0.0002716	165.129
0.000289333	161.98
0.000307067	158.849
0.0003248	155.679
0.000342533	152.478
0.000360267	149.271
0.000378	146.079
0.000395733	142.897
0.000413467	139.739
0.0004312	136.609
0.000448933	133.51
0.000466667	130.45
0.0004844	127.428
0.000502133	124.428
0.00052225	120.995
0.00054475	117.119
0.00056725	113.303
0.00058975	109.547
0.00061225	105.851
0.00063475	102.217
0.00065725	98.6436
0.00067975	95.133
0.00070225	91.6849
0.00072475	88.2999
0.00074725	84.9785
0.00076975	81.7209
0.00079225	78.528
0.00081475	75.4007
0.00083725	72.3399
0.00085975	69.3478
0.00088225	66.4347
0.00090475	63.5866
0.00092725	60.7928
0.00094975	58.068
0.00097225	55.4136
0.00099475	52.6428
0.00101725	50.4799
0.00103975	50.043
0.001056	50.0852
0.0010675	50.0712
0.00108245	50.0675
0.00110188	50.0689
0.00112534	50.0658
0.00115029	50.0643
0.00117523	50.0626
0.00120017	50.0605
0.00122512	50.0585
0.00125006	50.0557
0.00127501	50.0519
0.00129995	50.0466
0.00132489	50.0399
0.00134984	50.0339
0.00137478	50.0333
0.00139113	50.03
)

((xy/key/label "line_x_0.034000_y0_z-")
-0.00139113	44.531
-0.00137478	45.0943
-0.00134984	45.1351
-0.00132489	45.1003
-0.00129995	45.0912
-0.00127501	45.0958
-0.00125006	45.1077
-0.00122512	45.3191
-0.00120017	47.0593
-0.00117523	49.5528
-0.00115029	52.1289
-0.00112534	54.5961
-0.00110188	56.8672
-0.00108245	58.7046
-0.0010675	60.055
-0.001056	61.0599
-0.00103975	62.3839
-0.00101725	64.4282
-0.00099475	66.6495
-0.00097225	68.8688
-0.00094975	71.0706
-0.00092725	73.2878
-0.00090475	75.5488
-0.00088225	77.8605
-0.00085975	80.2178
-0.00083725	82.6124
-0.00081475	85.0369
-0.00079225	87.4886
-0.00076975	89.9659
-0.00074725	92.468
-0.00072475	94.99
-0.00070225	97.5266
-0.00067975	100.07
-0.00065725	102.613
-0.00063475	105.146
-0.00061225	107.67
-0.00058975	110.201
-0.00056725	112.758
-0.00054475	115.346
-0.00052225	117.964
-0.000502133	120.333
-0.0004844	122.43
-0.000466667	124.539
-0.000448933	126.669
-0.0004312	128.817
-0.000413467	130.981
-0.000395733	133.16
-0.000378	135.352
-0.000360267	137.553
-0.000342533	139.763
-0.0003248	141.979
-0.000307067	144.196
-0.000289333	146.411
-0.0002716	148.617
-0.000253867	150.806
-0.00023141	152.79
-0.000213906	154.47
-0.000200368	156.55
-0.000182866	158.168
-0.000169357	159.959
-0.000151866	161.285
-0.000138358	162.149
-0.000123171	159.934
-0.000107334	152.457
-9.37268e-05	137.259
-7.62333e-05	121.588
-6.25514e-05	106.124
-4.50445e-05	96.3976
-3.13002e-05	93.046
-1.37829e-05	93.2839
)

((xy/key/label "line_x_0.034000_y0_z+")
1.37829e-05	93.1671
3.13002e-05	94.337
4.50445e-05	97.8667
6.25514e-05	111.106
7.62333e-05	123.557
9.37268e-05	139.848
0.000107334	152.901
0.000123171	160.425
0.000138358	162.408
0.000151866	161.19
0.000169357	159.925
0.000182866	158.007
0.000200368	156.438
0.000213906	154.289
0.00023141	152.646
0.000253867	150.421
0.0002716	148.254
0.000289333	146.067
0.000307067	143.87
0.0003248	141.672
0.000342533	139.475
0.000360267	137.284
0.000378	135.101
0.000395733	132.928
0.000413467	130.767
0.0004312	128.62
0.000448933	126.49
0.000466667	124.381
0.0004844	122.293
0.000502133	120.215
0.00052225	117.849
0.00054475	115.198
0.00056725	112.58
0.00058975	109.993
0.00061225	107.431
0.00063475	104.872
0.00065725	102.303
0.00067975	99.7234
0.00070225	97.1436
0.00072475	94.5721
0.00074725	92.0163
0.00076975	89.4816
0.00079225	86.9709
0.00081475	84.4869
0.00083725	82.0316
0.00085975	79.6082
0.00088225	77.2238
0.00090475	74.8847
0.00092725	72.5929
0.00094975	70.3371
0.00097225	68.096
0.00099475	65.8504
0.00101725	63.6258
0.00103975	61.5829
0.001056	60.2522
0.0010675	59.2477
0.00108245	57.896
0.00110188	56.0284
0.00112534	53.7108
0.00115029	51.2144
0.00117523	48.6667
0.00120017	46.2725
0.00122512	44.7965
0.00125006	44.7245
0.00127501	44.705
0.00129995	44.7005
0.00132489	44.7151
0.00134984	44.7524
0.00137478	44.6708
0.00139113	43.9409
)

((xy/key/label "line_x_0.037000_y0_z-")
-0.00139113	34.8165
-0.00137478	37.6319
-0.00134984	41.562
-0.00132489	46.3632
-0.00129995	50.027
-0.00127501	52.5262
-0.00125006	54.5992
-0.00122512	56.6149
-0.00120017	58.6029
-0.00117523	60.5833
-0.00115029	62.5706
-0.00112534	64.573
-0.00110188	66.4743
-0.00108245	68.0402
-0.0010675	69.2141
-0.001056	70.1304
-0.00103975	71.2652
-0.00101725	72.9026
-0.00099475	74.6268
-0.00097225	76.3684
-0.00094975	78.1272
-0.00092725	79.9119
-0.00090475	81.7266
-0.00088225	83.57
-0.00085975	85.4392
-0.00083725	87.3307
-0.00081475	89.2424
-0.00079225	91.1729
-0.00076975	93.1216
-0.00074725	95.0877
-0.00072475	97.0699
-0.00070225	99.065
-0.00067975	101.067
-0.00065725	103.063
-0.00063475	105.042
-0.00061225	106.991
-0.00058975	108.91
-0.00056725	110.811
-0.00054475	112.707
-0.00052225	114.599
-0.000502133	116.316
-0.0004844	117.833
-0.000466667	119.341
-0.000448933	120.844
-0.0004312	122.339
-0.000413467	123.822
-0.000395733	125.291
-0.000378	126.741
-0.000360267	128.166
-0.000342533	129.561
-0.0003248	130.918
-0.000307067	132.23
-0.000289333	133.485
-0.0002716	134.672
-0.000253867	135.779
-0.000231389	136.679
-0.000213889	137.345
-0.000200278	138.221
-0.000182778	138.705
-0.000169167	139.295
-0.000151667	139.547
-0.000138056	139.802
-0.0001225	139.786
-0.000106944	139.683
-9.33333e-05	139.437
-7.58333e-05	139.162
-6.22222e-05	138.727
-4.47222e-05	138.437
-3.11111e-05	138.091
-1.36111e-05	137.973
)

((xy/key/label "line_x_0.037000_y0_z+")
1.36111e-05	138.074
3.11111e-05	138.451
4.47222e-05	138.672
6.22222e-05	139.11
7.58333e-05	139.371
9.33333e-05	139.662
0.000106944	139.713
0.0001225	139.738
0.000138056	139.623
0.000151667	139.206
0.000169167	138.811
0.000182778	138.102
0.000200278	137.484
0.000213889	136.532
0.000231389	135.748
0.000253867	134.616
0.0002716	133.444
0.000289333	132.203
0.000307067	130.905
0.0003248	129.561
0.000342533	128.179
0.000360267	126.765
0.000378	125.327
0.000395733	123.869
0.000413467	122.396
0.0004312	120.912
0.000448933	119.419
0.000466667	117.923
0.0004844	116.426
0.000502133	114.922
0.00052225	113.193
0.00054475	111.233
0.00056725	109.244
0.00058975	107.211
0.00061225	105.135
0.00063475	103.028
0.00065725	100.907
0.00067975	98.7837
0.00070225	96.6681
0.00072475	94.5638
0.00074725	92.473
0.00076975	90.3971
0.00079225	88.3373
0.00081475	86.2952
0.00083725	84.2721
0.00085975	82.2696
0.00088225	80.2891
0.00090475	78.3304
0.00092725	76.3908
0.00094975	74.4649
0.00097225	72.5468
0.00099475	70.6388
0.00101725	68.7751
0.00103975	67.0793
0.00105563	65.9655
0.00106629	65.1601
0.00108015	64.0709
0.0010982	62.5328
0.0011209	60.5316
0.00114629	58.3365
0.0011721	56.1423
0.00119788	53.9555
0.00122363	51.7241
0.00124937	49.2312
0.00127508	46.0049
0.00129333	41.5111
0.00130617	41.9349
0.00132644	36.9272
0.00135209	32.5525
0.00137772	29.2416
0.00139277	26.4457
)

((xy/key/label "line_x_0.040000_y0_z-")
-0.00139113	45.7377
-0.00137478	48.7763
-0.00134984	51.4101
-0.00132489	53.8012
-0.00129995	56.0479
-0.00127501	58.1894
-0.00125006	60.2418
-0.00122512	62.2195
-0.00120017	64.14
-0.00117523	66.018
-0.00115029	67.8653
-0.00112534	69.6908
-0.00110188	71.387
-0.00108245	72.7631
-0.0010675	73.7884
-0.001056	74.5759
-0.00103975	75.5536
-0.00101725	76.9515
-0.00099475	78.3956
-0.00097225	79.8435
-0.00094975	81.3003
-0.00092725	82.7669
-0.00090475	84.246
-0.00088225	85.7395
-0.00085975	87.2431
-0.00083725	88.7489
-0.00081475	90.2504
-0.00079225	91.7446
-0.00076975	93.2327
-0.00074725	94.717
-0.000413467	115.764
-0.000395733	116.788
-0.000378	117.793
-0.000360267	118.778
-0.000342533	119.739
-0.0003248	120.677
-0.000307067	121.587
-0.0002716	123.317
-0.000253867	124.132
-0.000231433	124.807
-0.000213993	125.304
-0.000200459	126.106
-0.000183065	126.542
-0.000169532	127.25
-0.000152118	127.616
-0.000138566	128.22
-0.000123038	128.507
-0.000107505	128.704
-9.38717e-05	129.178
-7.63291e-05	129.281
-6.26569e-05	129.61
-4.50553e-05	129.61
-3.13538e-05	129.782
-1.37182e-05	129.675
-0.000289333	122.468
-0.0004312	114.723
-0.000448933	113.667
-0.000466667	112.597
-0.0004844	111.514
-0.000502133	110.416
-0.00052225	109.165
-0.00054475	107.772
-0.00056725	106.364
-0.00058975	104.942
-0.00061225	103.508
-0.00063475	102.062
-0.00065725	100.607
-0.00067975	99.1442
-0.00070225	97.6738
-0.00072475	96.1977
)

((xy/key/label "line_x_0.040000_y0_z+")
0.00139444	9.65175
0.00138069	6.28578
0.0013543	4.2939
0.00132791	3.29813
0.00130153	3.12619
0.00127515	3.66975
0.00124877	4.89042
0.00122239	6.85244
0.00119601	9.58526
0.00116964	13.2171
0.00114327	17.7822
0.00111765	23.0529
0.00110193	28.4681
0.0010923	27.0047
0.00107856	32.2736
0.00106546	36.4264
0.00105538	39.4186
0.00103975	43.1819
0.00101725	48.5507
0.00099475	54.0933
0.00097225	59.1806
0.00094975	63.602
0.00092725	67.4099
0.00090475	70.7477
0.00088225	73.7491
0.00085975	76.5073
0.00083725	79.0802
0.00081475	81.5031
0.00079225	83.8003
0.00076975	85.9903
0.00074725	88.087
0.00072475	90.0982
0.00070225	92.0273
0.00067975	93.8765
0.00065725	95.6499
0.00063475	97.3582
0.00061225	99.0158
0.00058975	100.639
0.00056725	102.235
0.00054475	103.806
0.00052225	105.352
0.000502133	106.7
0.0004844	107.857
0.000466667	108.996
0.000448933	110.123
0.0004312	111.236
0.000413467	112.334
0.000395733	113.416
0.000378	114.481
0.000360267	115.527
0.000307067	118.547
0.000289333	119.509
7.63291e-05	128.318
6.26569e-05	128.616
9.38717e-05	127.831
0.000107505	127.403
0.000123038	126.85
0.000138566	126.227
0.000152118	125.696
0.000169532	125.019
0.000183065	124.391
0.000200459	123.67
0.000213993	122.956
0.000231433	122.195
0.000253867	121.351
0.0002716	120.443
4.50553e-05	129.015
3.13538e-05	129.168
1.37182e-05	129.474
0.0003248	117.562
0.000342533	116.555
)

((xy/key/label "line_x_0.043000_y0_z-")
-0.00139113	50.9937
-0.00137478	52.5044
-0.00134984	54.0075
-0.00132489	55.5095
-0.00129995	57.0135
-0.00127501	58.5207
-0.00125006	60.0314
-0.00122512	61.5453
-0.00120017	63.0617
-0.00117523	64.5797
-0.00115029	66.0981
-0.00112534	67.6155
-0.00110188	69.0407
-0.00108245	70.2107
-0.0010675	71.0915
-0.001056	71.7557
-0.00103975	72.5992
-0.00101725	73.81
-0.00099475	75.046
-0.00097225	76.2824
-0.00094975	77.5182
-0.00092725	78.7527
-0.00090475	79.9851
-0.00088225	81.2149
-0.00085975	82.4412
-0.00083725	83.6633
-0.00081475	84.8805
-0.00079225	86.0919
-0.00076975	87.2966
-0.00074725	88.4937
-0.00072475	89.6822
-0.00070225	90.8612
-0.00067975	92.0295
-0.00065725	93.1858
-0.00063475	94.3295
-0.00061225	95.4588
-1.40242e-05	113.914
-3.20471e-05	114.044
-4.60069e-05	113.833
-6.3899e-05	113.898
-7.77454e-05	113.602
-9.54099e-05	113.606
-0.000109105	113.23
-0.000124576	113.177
-0.000140022	113.066
-0.000153408	112.621
-0.000170577	112.46
-0.000183884	111.95
-0.000200977	111.739
-0.000214292	111.163
-0.000231558	110.905
-0.000253867	110.494
-0.0002716	109.959
-0.000289333	109.394
-0.000307067	108.8
-0.0003248	108.178
-0.000342533	107.53
-0.000360267	106.858
-0.000378	106.163
-0.000395733	105.446
-0.000413467	104.709
-0.0004312	103.952
-0.000448933	103.176
-0.000466667	102.384
-0.0004844	101.576
-0.000502133	100.751
-0.00052225	99.807
-0.00054475	98.7482
-0.00056725	97.6694
-0.00058975	96.5727
)

((xy/key/label "line_x_0.043000_y0_z+")
0.00139399	38.3561
0.00137988	38.6245
0.00135369	38.9692
0.0013275	39.4161
0.00131364	39.9902
0.00130055	41.536
0.00127513	42.3098
0.00124895	43.2395
0.00122276	44.3401
0.00119658	45.6243
0.0011704	47.0979
0.00114423	48.7156
0.0011187	50.435
0.00109645	52.0634
0.00107909	53.3943
0.00106574	54.4341
0.00105547	55.2539
0.00103975	56.5156
0.00101725	58.5643
0.00099475	60.8443
0.00097225	63.1737
0.00094975	65.4565
0.00092725	67.6574
0.00090475	69.7757
0.00088225	71.8207
0.00085975	73.8009
0.00083725	75.7188
0.00081475	77.5745
0.00079225	79.3656
0.00076975	81.0906
0.00074725	82.749
0.00072475	84.3437
0.00070225	85.8794
0.00067975	87.3627
0.00065725	88.8011
0.00063475	90.2025
0.00061225	91.5715
0.00058975	92.909
0.00056725	94.2154
0.00054475	95.4913
0.00052225	96.7369
0.000502133	97.8168
0.0004844	98.7377
0.000466667	99.6369
0.000448933	100.519
0.0004312	101.384
0.000413467	102.229
0.000395733	103.054
0.000378	103.858
0.000360267	104.64
0.000342533	105.399
0.0003248	106.134
0.000307067	106.844
0.000289333	107.529
0.0002716	108.187
0.000253867	108.816
0.000231558	109.325
0.000214292	109.93
0.000200977	110.271
0.000183884	110.833
0.000170577	111.104
0.000153408	111.625
0.000140022	111.828
0.000124576	112.306
0.000109105	112.732
9.54099e-05	112.866
7.77454e-05	113.241
6.3899e-05	113.295
4.60068e-05	113.614
3.2047e-05	113.584
1.40241e-05	113.84
)

((xy/key/label "line_x_0.046000_y0_z-")
-0.00083725	78.242
-0.00081475	79.1544
-0.00079225	80.0624
-0.00076975	80.9651
-0.00074725	81.8615
-0.00072475	82.7506
-0.00070225	83.6313
-0.00067975	84.5026
-0.00065725	85.3635
-0.00063475	86.2128
-0.00061225	87.0493
-0.00058975	87.8719
-0.00056725	88.6795
-0.00054475	89.4709
-0.00052225	90.2449
-0.000502133	90.9319
-0.0004844	91.5296
-0.000466667	92.1134
-0.000448933	92.6831
-0.0004312	93.2379
-0.000413467	93.7771
-0.000395733	94.3007
-0.000378	94.8067
-0.000360267	95.2956
-0.000342533	95.7662
-0.0003248	96.2178
-0.000307067	96.6494
-0.000289333	97.0604
-0.0002716	97.4501
-0.000253867	97.8179
-0.000231683	98.0795
-0.000214589	98.2148
-0.000201494	98.6591
-0.000184703	98.7593
-0.000171622	99.164
-0.000154698	99.2336
-0.000141479	99.6012
-0.000126114	99.6403
-0.000110706	99.6412
-9.69481e-05	99.9745
-7.91618e-05	99.9411
-6.51411e-05	100.228
-4.69584e-05	100.156
-3.27403e-05	100.392
-1.43301e-05	100.279
-0.00085975	77.3261
-0.00088225	76.4077
-0.00090475	75.4875
-0.00092725	74.5666
-0.00094975	73.6457
-0.00097225	72.7255
-0.00099475	71.807
-0.00101725	70.8915
-0.00103975	69.9911
-0.001056	69.3627
-0.0010675	68.8797
-0.00108245	68.2416
-0.00110188	67.4037
-0.00112534	66.393
-0.00115029	65.3248
-0.00117523	64.263
-0.00120017	63.2079
-0.00122512	62.1594
-0.00125006	61.117
-0.00127501	60.0796
-0.00129995	59.0455
-0.00132489	58.0118
-0.00134984	56.9742
-0.00137478	55.9261
-0.00139113	54.8573
)

((xy/key/label "line_x_0.046000_y0_z+")
0.00114518	62.2201
0.00118146	60.8431
0.00105555	65.8472
1.43301e-05	100.306
3.27403e-05	100.108
4.69584e-05	100.234
6.51411e-05	99.9956
7.91618e-05	100.07
9.69481e-05	99.7929
0.000110706	99.818
0.000126114	99.5075
0.000141479	99.1606
0.000154698	99.1459
0.000171622	98.7699
0.000184703	98.7107
0.000201494	98.3068
0.000214589	98.1975
0.000231683	97.7612
0.000253867	97.4937
0.0002716	97.1024
0.000289333	96.6877
0.000307067	96.2505
0.0003248	95.7918
0.000342533	95.3127
0.000360267	94.8141
0.000378	94.2961
0.000395733	93.7595
0.000413467	93.2038
0.0004312	92.6311
0.000448933	92.0417
0.000466667	91.4366
0.0004844	90.8169
0.000502133	90.18
0.00052225	89.4318
0.00054475	88.5688
0.00056725	87.6841
0.00058975	86.7788
0.00061225	85.8538
0.00063475	84.9101
0.00065725	83.9492
0.00067975	82.9721
0.00070225	81.9803
0.00072475	80.9752
0.00074725	79.9582
0.00076975	78.931
0.00079225	77.8952
0.00081475	76.8525
0.00083725	75.8048
0.00085975	74.7539
0.00088225	73.702
0.00090475	72.6512
0.00092725	71.6037
0.00094975	70.5621
0.00097225	69.5292
0.00099475	68.5079
0.00101725	67.5014
0.00103975	66.5111
0.00106602	65.4068
0.00107962	64.8397
0.00109731	64.1128
0.00111975	63.2111
0.00116847	61.2267
0.00119715	59.8425
0.00122313	58.88
0.00124912	57.9561
0.00127511	57.0687
0.0013011	56.2156
0.00132709	55.3928
0.00135308	54.5943
0.00137908	53.8116
0.00139354	53.0315
)

((xy/key/label "line_x_0.049000_y0_z-")
-1.46361e-05	90.4158
-3.34336e-05	90.523
-4.791e-05	90.3037
-6.63832e-05	90.3833
-8.05781e-05	90.1309
-9.84863e-05	90.1855
-0.000112306	89.9044
-0.000127652	89.9372
-0.000142936	89.9437
-0.000155987	89.6448
-0.000172666	89.6321
-0.000185521	89.3116
-0.00020201	89.2788
-0.000214886	88.9346
-0.000231808	88.8772
-0.000253867	88.716
-0.0002716	88.4643
-0.000289333	88.1977
-0.000307067	87.9167
-0.0003248	87.6208
-0.000342533	87.3107
-0.000360267	86.9869
-0.000378	86.6498
-0.000395733	86.2999
-0.000413467	85.9377
-0.0004312	85.5635
-0.000448933	85.1777
-0.000466667	84.7807
-0.0004844	84.3732
-0.000502133	83.9546
-0.00052225	83.4724
-0.00054475	82.9284
-0.00056725	82.3708
-0.00058975	81.8006
-0.00061225	81.2186
-0.00063475	80.6256
-0.00065725	80.0226
-0.00067975	79.4103
-0.00070225	78.7895
-0.00072475	78.1611
-0.00074725	77.5257
-0.00076975	76.8843
-0.00079225	76.2374
-0.00081475	75.5858
-0.00083725	74.9301
-0.00085975	74.2711
-0.00088225	73.6094
-0.00090475	72.9456
-0.00092725	72.2802
-0.00094975	71.6139
-0.00097225	70.9471
-0.00099475	70.2803
-0.00101725	69.6141
-0.00103975	68.9542
-0.001056	68.4885
-0.0010675	68.1366
-0.00108245	67.6744
-0.00110188	67.0699
-0.00112534	66.3405
-0.00115029	65.5678
-0.00117523	64.7968
-0.00120017	64.0272
-0.00122512	63.2583
-0.00125006	62.489
-0.00127501	61.7174
-0.00129995	60.9412
-0.00132489	60.1569
-0.00134984	59.3595
-0.00137478	58.5413
-0.00139113	57.691
)

((xy/key/label "line_x_0.049000_y0_z+")
0.00139309	59.3283
0.00137827	60.0322
0.00135247	60.7077
0.00132668	61.3684
0.00130088	62.0231
0.00127509	62.6776
0.0012493	63.336
0.00122351	64.001
0.00119772	64.6745
0.00117193	65.3574
0.00114614	66.0397
0.0011208	66.7126
0.00109817	67.3233
0.00108015	67.8156
0.0010663	68.1975
0.00105564	68.4933
0.00103975	68.9332
0.00101725	69.5773
0.00099475	70.2276
0.00097225	70.8831
0.00094975	71.5428
0.00092725	72.2057
0.00090475	72.871
0.00088225	73.5377
0.00085975	74.2049
0.00083725	74.8716
0.00081475	75.5369
0.00079225	76.1998
0.00076975	76.8594
0.00074725	77.5146
0.00072475	78.1645
0.00070225	78.8081
0.00067975	79.4444
0.00065725	80.0725
0.00063475	80.6913
0.00061225	81.2999
0.00058975	81.8973
0.00056725	82.4823
0.00054475	83.0542
0.00052225	83.6117
0.000502133	84.0961
0.0004844	84.5102
0.000466667	84.9136
0.000448933	85.3058
0.0004312	85.6864
0.000413467	86.0548
0.000395733	86.4106
0.000378	86.7542
0.000360267	87.0857
0.000342533	87.4043
0.0003248	87.7091
0.000307067	88.0002
0.000289333	88.2758
0.0002716	88.536
0.000253867	88.7808
0.000231808	88.9149
0.000214886	89.234
0.00020201	89.2351
0.000185521	89.5351
0.000172666	89.5017
0.000155987	89.7851
0.000142936	89.7236
0.000127652	89.9896
0.000112306	90.2305
9.84863e-05	90.1469
8.05781e-05	90.3661
6.63832e-05	90.2515
4.791e-05	90.4456
3.34336e-05	90.2971
1.4636e-05	90.4632
)

((xy/key/label "line_x_0.052000_y0_z-")
-1.4942e-05	83.1261
-3.41269e-05	83.2217
-4.88616e-05	83.0314
-6.76252e-05	83.1097
-8.19945e-05	82.8993
-0.000100024	82.9623
-0.000113906	82.7352
-0.00012919	82.7855
-0.000144393	82.8187
-0.000157276	82.5838
-0.000173709	82.6057
-0.000186339	82.3594
-0.000202526	82.3687
-0.000215183	82.1092
-0.000231932	82.1014
-0.000253867	82.0116
-0.0002716	81.8494
-0.000289333	81.6773
-0.000307067	81.4951
-0.0003248	81.3033
-0.000342533	81.1019
-0.000360267	80.8911
-0.000378	80.6713
-0.000395733	80.4426
-0.000413467	80.2053
-0.0004312	79.9595
-0.000448933	79.7054
-0.000466667	79.4432
-0.0004844	79.1732
-0.000502133	78.8956
-0.00052225	78.574
-0.00054475	78.2103
-0.00056725	77.8364
-0.00058975	77.4529
-0.00061225	77.0603
-0.00063475	76.6591
-0.00065725	76.2498
-0.00067975	75.833
-0.00070225	75.4092
-0.00072475	74.9788
-0.00074725	74.5424
-0.00076975	74.1003
-0.00079225	73.6532
-0.00081475	73.2013
-0.00083725	72.7453
-0.00085975	72.2854
-0.00088225	71.8221
-0.00090475	71.3557
-0.00092725	70.8866
-0.00094975	70.4151
-0.00097225	69.9415
-0.00099475	69.4659
-0.00101725	68.9888
-0.00103975	68.5124
-0.001056	68.1719
-0.0010675	67.9182
-0.00108245	67.5861
-0.00110188	67.1514
-0.00112534	66.6246
-0.00115029	66.0627
-0.00117523	65.4979
-0.00120017	64.9294
-0.00122512	64.3561
-0.00125006	63.7766
-0.00127501	63.1888
-0.00129995	62.5898
-0.00132489	61.9757
-0.00134984	61.3407
-0.00137478	60.6765
-0.00139113	59.9701
)

((xy/key/label "line_x_0.052000_y0_z+")
0.00139263	62.612
0.00137747	63.2248
0.00135582	63.7944
0.00134302	63.9312
0.00132627	64.4666
0.00130067	64.9826
0.00127507	65.4856
0.00124947	65.9801
0.00122388	66.4692
0.00119828	66.9551
0.00117269	67.4392
0.0011471	67.9172
0.00112185	68.3851
0.00109903	68.8097
0.00108068	69.1523
0.00106657	69.4163
0.00105572	69.6199
0.00103975	69.9185
0.00101725	70.3475
0.00099475	70.7774
0.00097225	71.2076
0.00094975	71.6378
0.00092725	72.0678
0.00090475	72.497
0.00088225	72.925
0.00085975	73.3514
0.00083725	73.7757
0.00081475	74.1975
0.00079225	74.6161
0.00076975	75.0312
0.00074725	75.4421
0.00072475	75.8483
0.00070225	76.2492
0.00067975	76.6443
0.00065725	77.033
0.00063475	77.4147
0.00061225	77.7889
0.00058975	78.1549
0.00056725	78.5121
0.00054475	78.86
0.00052225	79.198
0.000502133	79.4915
0.0004844	79.7419
0.000466667	79.9853
0.000448933	80.2213
0.0004312	80.4497
0.000413467	80.6702
0.000395733	80.8826
0.000378	81.0865
0.000360267	81.2817
0.000342533	81.4681
0.0003248	81.646
0.000307067	81.815
0.000289333	81.9747
0.0002716	82.1248
0.000253867	82.2651
0.000231932	82.316
0.000215183	82.5378
0.000202526	82.4845
0.000186339	82.6965
0.000173709	82.6202
0.000157276	82.8243
0.000144393	82.7302
0.00012919	82.9255
0.000113906	83.1048
0.000100024	82.999
8.19945e-05	83.1656
6.76252e-05	83.0409
4.88616e-05	83.1921
3.41269e-05	83.0461
1.4942e-05	83.1798
)

((xy/key/label "line_x_0.055000_y0_z-")
-1.5248e-05	78.5336
-3.48202e-05	78.6126
-4.98132e-05	78.4488
-6.88673e-05	78.5172
-8.34108e-05	78.3408
-0.000101563	78.4001
-0.000115507	78.2134
-0.000130728	78.2657
-0.000145849	78.3067
-0.000158565	78.1177
-0.000174753	78.1522
-0.000187156	77.9579
-0.000203041	77.9845
-0.000215479	77.7831
-0.000232057	77.7974
-0.000253867	77.7467
-0.0002716	77.6376
-0.000289333	77.5221
-0.000307067	77.4003
-0.0003248	77.272
-0.000342533	77.1375
-0.000360267	76.9969
-0.000378	76.85
-0.000395733	76.6968
-0.000413467	76.5375
-0.0004312	76.3722
-0.000448933	76.201
-0.000466667	76.0241
-0.0004844	75.8417
-0.000502133	75.6539
-0.00052225	75.4357
-0.00054475	75.1883
-0.00056725	74.9334
-0.00058975	74.6713
-0.00061225	74.4021
-0.00063475	74.1264
-0.00065725	73.8442
-0.00067975	73.5559
-0.00070225	73.2618
-0.00072475	72.9622
-0.00074725	72.6574
-0.00076975	72.3476
-0.00079225	72.033
-0.00081475	71.714
-0.00083725	71.3907
-0.00085975	71.0634
-0.00088225	70.7323
-0.00090475	70.3975
-0.00092725	70.0592
-0.00094975	69.7175
-0.00097225	69.3727
-0.00099475	69.0246
-0.00101725	68.6735
-0.00103975	68.3197
-0.001056	68.0643
-0.0010675	67.876
-0.00108245	67.6298
-0.00110188	67.3066
-0.00112534	66.9125
-0.00115029	66.4885
-0.00117523	66.0584
-0.00120017	65.621
-0.00122512	65.1752
-0.00125006	64.719
-0.00127501	64.2501
-0.00129995	63.7652
-0.00132489	63.2597
-0.00134984	62.7272
-0.00137478	62.158
-0.00139113	61.537
)

((xy/key/label "line_x_0.055000_y0_z+")
0.00139218	64.7153
0.00137666	65.2605
0.00135126	65.7515
0.00132586	66.2049
0.00130045	66.6314
0.00127505	67.038
0.00124965	67.4295
0.00122425	67.8095
0.00119885	68.1805
0.00117345	68.5443
0.00114805	68.8994
0.00112289	69.2444
0.00109988	69.5572
0.00108121	69.8094
0.00106685	70.0024
0.001057	70.1505
0.00105219	70.1733
0.00103975	70.3834
0.00101725	70.6796
0.00099475	70.9738
0.00097225	71.2658
0.00094975	71.5556
0.00092725	71.8431
0.00090475	72.128
0.00088225	72.4103
0.00085975	72.6897
0.00083725	72.9661
0.00081475	73.2391
0.00079225	73.5086
0.00076975	73.7743
0.00074725	74.036
0.00072475	74.2932
0.00070225	74.5458
0.00067975	74.7935
0.00065725	75.0359
0.00063475	75.2727
0.00061225	75.5036
0.00058975	75.7283
0.00056725	75.9465
0.00054475	76.1579
0.00052225	76.3621
0.000502133	76.5389
0.0004844	76.6891
0.000466667	76.8344
0.000448933	76.9747
0.0004312	77.1097
0.000413467	77.2394
0.000395733	77.3637
0.000378	77.4824
0.000360267	77.5954
0.000342533	77.7025
0.0003248	77.8039
0.000307067	77.8993
0.000289333	77.9884
0.0002716	78.0716
0.000253867	78.1486
0.000232057	78.1547
0.000215479	78.3102
0.000203041	78.2354
0.000187156	78.3863
0.000174753	78.2955
0.000158565	78.4427
0.000145849	78.3402
0.000130728	78.4828
0.000115507	78.6153
0.000101563	78.5059
8.34108e-05	78.6307
6.88673e-05	78.5089
4.98132e-05	78.624
3.48202e-05	78.4884
1.5248e-05	78.5922
)

((xy/key/label "line_x_0.058000_y0_z-")
-1.55539e-05	75.8735
-3.55135e-05	75.9383
-5.07648e-05	75.7933
-7.01094e-05	75.8512
-8.48271e-05	75.6979
-0.000103101	75.7504
-0.000117107	75.5909
-0.000132265	75.6395
-0.000147306	75.6802
-0.000159854	75.5215
-0.000175796	75.5584
-0.000187972	75.3973
-0.000203555	75.4288
-0.000215775	75.264
-0.000232181	75.2858
-0.000253867	75.2541
-0.0002716	75.175
-0.000289333	75.0915
-0.000307067	75.0032
-0.0003248	74.9101
-0.000342533	74.8123
-0.000360267	74.71
-0.000378	74.6033
-0.000395733	74.4921
-0.000413467	74.3766
-0.0004312	74.2569
-0.000448933	74.133
-0.000466667	74.0049
-0.0004844	73.8729
-0.000502133	73.7368
-0.00052225	73.5785
-0.00054475	73.3988
-0.00056725	73.2133
-0.00058975	73.0222
-0.00061225	72.8258
-0.00063475	72.624
-0.00065725	72.4171
-0.00067975	72.2053
-0.00070225	71.9887
-0.00072475	71.7674
-0.00074725	71.5415
-0.00076975	71.3113
-0.00079225	71.0768
-0.00081475	70.8382
-0.00083725	70.5954
-0.00085975	70.3488
-0.00088225	70.0982
-0.00090475	69.8438
-0.00092725	69.5856
-0.00094975	69.3236
-0.00097225	69.0578
-0.00099475	68.7882
-0.00101725	68.5146
-0.00103975	68.2369
-0.001056	68.0349
-0.0010675	67.8875
-0.00108245	67.6941
-0.00110188	67.4392
-0.00112534	67.1264
-0.00115029	66.787
-0.00117523	66.4394
-0.00120017	66.0823
-0.00122512	65.7142
-0.00125006	65.333
-0.00127501	64.9359
-0.00129995	64.5191
-0.00132489	64.0775
-0.00134984	63.6034
-0.00137478	63.0859
-0.00139113	62.5075
)

((xy/key/label "line_x_0.058000_y0_z+")
0.00139173	66.0077
0.00137586	66.5147
0.00135065	66.9581
0.00132544	67.3569
0.00130024	67.7227
0.00127503	68.0636
0.00124983	68.3849
0.00122462	68.6906
0.00119942	68.9836
0.00117421	69.266
0.00114901	69.5381
0.00112394	69.8003
0.00110074	70.0375
0.00108174	70.2282
0.00106713	70.373
0.00105589	70.4834
0.00103975	70.6402
0.00101725	70.8574
0.00099475	71.071
0.00097225	71.2812
0.00094975	71.488
0.00092725	71.6915
0.00090475	71.8916
0.00088225	72.0884
0.00085975	72.2817
0.00083725	72.4716
0.00081475	72.658
0.00079225	72.8407
0.00076975	73.0196
0.00074725	73.1947
0.00072475	73.3657
0.00070225	73.5326
0.00067975	73.6952
0.00065725	73.8534
0.00063475	74.0069
0.00061225	74.1556
0.00058975	74.2995
0.00056725	74.4382
0.00054475	74.5716
0.00052225	74.6996
0.000502133	74.8101
0.0004844	74.9031
0.000466667	74.9925
0.000448933	75.0783
0.0004312	75.1603
0.000413467	75.2384
0.000395733	75.3127
0.000378	75.383
0.000360267	75.4493
0.000342533	75.5115
0.0003248	75.5696
0.000307067	75.6236
0.000289333	75.6733
0.0002716	75.7188
0.000253867	75.7601
0.000232181	75.7436
0.000215775	75.8581
0.000203555	75.7767
0.000187972	75.8895
0.000175796	75.7961
0.000159854	75.9074
0.000147306	75.8054
0.000132265	75.9141
0.000117107	76.0159
0.000103101	75.909
8.48271e-05	76.0056
7.01094e-05	75.8898
5.07648e-05	75.9797
3.55135e-05	75.854
1.55539e-05	75.9359
)

((xy/key/label "line_x_0.061000_y0_z-")
-1.58599e-05	74.0366
-3.62068e-05	74.0903
-5.17164e-05	73.9577
-7.13515e-05	74.0072
-8.62435e-05	73.8695
-0.000104639	73.916
-0.000118708	73.7751
-0.000133803	73.8198
-0.000148762	73.8592
-0.000161142	73.7211
-0.000176838	73.7585
-0.000188788	73.6202
-0.000204069	73.6539
-0.00021607	73.5145
-0.000232305	73.5408
-0.000253867	73.5214
-0.0002716	73.4603
-0.000289333	73.3964
-0.000307067	73.3293
-0.0003248	73.2589
-0.000342533	73.1854
-0.000360267	73.1086
-0.000378	73.0288
-0.000395733	72.946
-0.000413467	72.8602
-0.0004312	72.7715
-0.000448933	72.6797
-0.000466667	72.585
-0.0004844	72.4874
-0.000502133	72.3869
-0.00052225	72.2696
-0.00054475	72.1364
-0.00056725	71.9989
-0.00058975	71.8571
-0.00061225	71.7112
-0.00063475	71.5612
-0.00065725	71.4072
-0.00067975	71.2491
-0.00070225	71.0872
-0.00072475	70.9213
-0.00074725	70.7517
-0.00076975	70.5782
-0.00079225	70.4009
-0.00081475	70.2199
-0.00083725	70.035
-0.00085975	69.8464
-0.00088225	69.654
-0.00090475	69.4577
-0.00092725	69.2574
-0.00094975	69.0531
-0.00097225	68.8447
-0.00099475	68.6319
-0.00101725	68.4145
-0.00103975	68.1924
-0.001056	68.0295
-0.0010675	67.9117
-0.00108245	67.7567
-0.00110188	67.5513
-0.00112534	67.297
-0.00115029	67.0184
-0.00117523	66.7299
-0.00120017	66.4301
-0.00122512	66.117
-0.00125006	65.7884
-0.00127501	65.4409
-0.00129995	65.0702
-0.00132489	64.6702
-0.00134984	64.2321
-0.00137478	63.7429
-0.00139113	63.1821
)

((xy/key/label "line_x_0.061000_y0_z+")
0.00139128	66.9165
0.00137505	67.4049
0.00135004	67.8208
0.00132503	68.1854
0.00130002	68.512
0.00127501	68.8095
0.00125	69.084
0.00122499	69.3398
0.00119998	69.5803
0.00117498	69.8078
0.00114997	70.024
0.00112499	70.23
0.0011016	70.4155
0.00108227	70.5638
0.00106741	70.6753
0.00105597	70.7598
0.00103975	70.8777
0.00101725	71.0377
0.00099475	71.193
0.00097225	71.344
0.00094975	71.4908
0.00092725	71.6336
0.00090475	71.7726
0.00088225	71.9077
0.00085975	72.0392
0.00083725	72.167
0.00081475	72.2912
0.00079225	72.4117
0.00076975	72.5287
0.00074725	72.642
0.00072475	72.7517
0.00070225	72.8577
0.00067975	72.9599
0.00065725	73.0584
0.00063475	73.1531
0.00061225	73.2439
0.00058975	73.3308
0.00056725	73.4136
0.00054475	73.4924
0.00052225	73.5671
0.000502133	73.631
0.0004844	73.6839
0.000466667	73.7341
0.000448933	73.7816
0.0004312	73.8264
0.000413467	73.8685
0.000395733	73.9077
0.000378	73.9441
0.000360267	73.9777
0.000342533	74.0084
0.0003248	74.0362
0.000307067	74.0611
0.000289333	74.0831
0.0002716	74.1023
0.000253867	74.1186
0.000232305	74.0866
0.00021607	74.1724
0.000204069	74.0872
0.000188788	74.1734
0.000176838	74.0789
0.000161142	74.1648
0.000148762	74.0636
0.000133803	74.1481
0.000118708	74.2279
0.000104639	74.1226
8.62435e-05	74.1986
7.13515e-05	74.0865
5.17164e-05	74.1576
3.62068e-05	74.0382
1.58599e-05	74.1036
)
