(title "Tangential Velocity")
(labels "Position" "Tangential Velocity")

((xy/key/label "line_x_0.025000_y0_z-")
-0.001395	-0.00298371
-0.00138727	-0.00302504
-0.00123432	-0.00359747
-0.00110575	-0.00355503
-0.00100324	-0.0028945
-0.000924889	-0.00232773
-0.000866912	-0.00317393
-0.000825036	-0.00614674
-0.000795314	-0.0111397
-0.000774478	-0.0172064
-0.00076	-0.0255978
-0.00075	0
-0.00073	0
-0.00070903	0
-0.000688059	0
-0.000667089	0
-0.000646119	0
-0.000625149	0
-0.000604178	0
-0.000583208	0
-0.000562238	0
-0.000541268	0
-0.000520297	0
-0.000499327	0
-0.000481405	0
-0.00046762	0
-0.000457015	0
-0.000448858	0
-0.000442583	0
-0.000437756	0
-0.000434043	0
-0.000431187	0
-0.00042899	0
-0.0004273	0
-0.000426	0
-0.000425	0
-0.000424	0.00347184
-0.000422567	0.00244118
-0.000420523	0.00768219
-0.000417625	0.00407962
-0.000413553	0.010916
-0.000407903	0.0152424
-0.000400199	0.0199311
-0.00038994	0.0222582
-0.0003767	0.0143817
-0.000360285	0.00554486
-0.000340923	-0.00117274
-0.000319379	-0.00713334
-0.000296909	-0.01065
-0.000275	-0.0118076
-0.000255	-0.0109355
-0.000228659	-0.0101873
-0.000221325	-0.00298929
-0.000203827	0.000447999
-0.000189726	0.0031171
-0.000179109	0.00648385
-0.000157224	0.00743307
-0.000153455	0.00814912
-0.000126141	0.0107279
-0.000122075	0.0109837
-9.68117e-05	0.0132415
-8.36983e-05	0.0136605
-6.56912e-05	0.0144029
-4.26236e-05	0.0152999
-3.32267e-05	0.0138166
-1.5035e-13	-0.000608341
)

((xy/key/label "line_x_0.025000_y0_z+")
0.001395	0.00207629
0.00138727	0.00204949
0.00123432	0.000481084
0.00110575	-0.00276001
0.00100324	-0.00901117
0.000924889	-0.0177727
0.000866912	-0.0282182
0.000825036	-0.0401061
0.000795314	-0.0528762
0.000774478	-0.065858
0.00076	-0.0825679
0.00075	0
-1.5035e-13	-0.000608341
3.32267e-05	-0.0157803
4.26236e-05	-0.0171758
6.56912e-05	-0.0177699
8.36983e-05	-0.0181217
9.68117e-05	-0.0177616
0.000122075	-0.0176812
0.000126141	-0.0175213
0.000153455	-0.0163909
0.000157224	-0.016455
0.000179109	-0.0133338
0.000189726	-0.0143035
0.000203827	-0.0134623
0.000221325	-0.0115323
0.000228659	-0.0161791
0.000255	-0.00657093
0.000275	0.00130774
0.000296909	0.0132395
0.000319379	0.0296933
0.000340923	0.0482296
0.000360285	0.0673499
0.0003767	0.085463
0.00038994	0.0998362
0.000400199	0.108047
0.000407903	0.112111
0.000413553	0.114653
0.000417625	0.122137
0.000420523	0.133668
0.000422567	0.159654
0.000424	0.175951
0.000425	0
)

((xy/key/label "line_x_0.028000_y0_z-")
-0.001395	-0.00600223
-0.00138725	-0.00520212
-0.00136231	-0.00266241
-0.00133737	-0.000204023
-0.00131242	0.0021179
-0.00128748	0.00425435
-0.00126253	0.00618833
-0.00123759	0.00792439
-0.00121265	0.0094776
-0.0011877	0.010873
-0.00116276	0.0121416
-0.00113781	0.0133151
-0.00111287	0.0144336
-0.0010909	0.0154134
-0.001074	0.0161927
-0.001061	0.0168111
-0.001051	0.0173449
-0.0010285	0.0199342
-0.001006	0.0220172
-0.0009835	0.0240653
-0.000961	0.026256
-0.0009385	0.0286713
-0.000916	0.031347
-0.0008935	0.0343052
-0.000871	0.037595
-0.0008485	0.0412647
-0.000826	0.0453725
-0.0008035	0.0522956
-0.000781	0.0615179
-0.0007585	0.0662393
-0.000736	0.0651521
-0.0007135	0.060142
-0.000691	0.0535148
-0.0006685	0.0449683
-0.000646	0.0346085
-0.0006235	0.024287
-0.000601	0.0132626
-0.0005785	0.00181862
-0.000556	-0.0100803
-0.0005335	-0.022409
-0.000511	-0.0350135
-0.000493267	-0.0471683
-0.000475533	-0.0579006
-0.0004578	-0.068224
-0.000440067	-0.0786956
-0.000422333	-0.0889905
-0.0004046	-0.097864
-0.000386867	-0.0996521
-0.000369133	-0.0924995
-0.0003514	-0.0662523
-0.000333667	-0.0383725
-0.000315933	-0.0243379
-0.0002982	-0.0113584
-0.000280467	-0.000787061
-0.000262733	0.00750149
-0.000245	0.0166992
-0.000217923	0.0348668
-0.000209973	0.0467565
-0.000191189	0.0613866
-0.000174964	0.0784957
-0.000164639	0.0949167
-0.000140028	0.110911
-0.000138108	0.11114
-0.00011139	0.0987741
-0.000105122	0.0886706
-8.42099e-05	0.0318788
-7.01667e-05	-0.0119797
-5.65262e-05	-0.0351034
-3.51191e-05	-0.0230147
-2.84018e-05	-0.0144972
-4.09907e-14	0.00309288
)

((xy/key/label "line_x_0.028000_y0_z+")
-4.09907e-14	0.00309288
2.84018e-05	-0.10276
3.51191e-05	-0.12185
5.65262e-05	-0.145542
7.01667e-05	-0.133032
8.42099e-05	-0.0929178
0.000105122	-0.0375458
0.00011139	-0.0263258
0.000138108	-0.00369213
0.000140028	-0.00314421
0.000164639	-0.00791192
0.000174964	-0.0190973
0.000191189	-0.0263105
0.000209973	-0.0245339
0.000217923	-0.0287149
0.000245	-0.0195906
0.000262733	-0.013083
0.000280467	-0.00129125
0.0002982	0.0112412
0.000315933	0.0238778
0.000333667	0.036305
0.0003514	0.0409529
0.000369133	0.0383156
0.000386867	0.0350689
0.0004046	0.0252093
0.000422333	0.0171885
0.000440067	0.00824241
0.0004578	0.00059665
0.000475533	-0.00630752
0.000493267	-0.0121377
0.000511	-0.0190251
0.0005335	-0.0272431
0.000556	-0.0351609
0.0005785	-0.0429775
0.000601	-0.0505089
0.0006235	-0.0574917
0.000646	-0.063292
0.0006685	-0.0703141
0.000691	-0.0788991
0.0007135	-0.0863714
0.000736	-0.0910156
0.0007585	-0.0899315
0.000781	-0.0811811
0.0008035	-0.0630001
0.000826	-0.0482427
0.0008485	-0.039656
0.000871	-0.0333532
0.0008935	-0.0277617
0.000916	-0.0233129
0.0009385	-0.0195581
0.000961	-0.0164264
0.0009835	-0.0138203
0.001006	-0.011698
0.0010285	-0.0101281
0.001051	-0.00949801
0.001061	-0.0087392
0.001074	-0.00779233
0.0010909	-0.00665882
0.00111287	-0.00531503
0.00113781	-0.00396638
0.00116276	-0.00279715
0.0011877	-0.001785
0.00121265	-0.000905237
0.00123759	-0.000142438
0.00126253	0.000507178
0.00128748	0.00102732
0.00131242	0.00136554
0.00133737	0.00144771
0.00136231	0.00123804
0.00138725	0.000711704
0.001395	0.000445661
)

((xy/key/label "line_x_0.031000_y0_z-")
-0.001395	0.0117407
-0.00138725	0.0117315
-0.00136231	0.0121209
-0.00133737	0.0127027
-0.00131242	0.0134366
-0.00128748	0.0143153
-0.00126253	0.0153014
-0.00123759	0.0163394
-0.00121265	0.0173834
-0.0011877	0.0184079
-0.00116276	0.0194084
-0.00113781	0.0203958
-0.00111287	0.0214052
-0.0010909	0.0222256
-0.001074	0.0230242
-0.001061	0.0239064
-0.001051	0.0244741
-0.0010285	0.0257474
-0.001006	0.0303906
-0.0009835	0.0404372
-0.000961	0.0480941
-0.0009385	0.0515857
-0.000916	0.0530699
-0.0008935	0.0526979
-0.000871	0.051164
-0.0008485	0.0492656
-0.000826	0.0469502
-0.0008035	0.0445313
-0.000781	0.0420019
-0.0007585	0.0393511
-0.000736	0.0366077
-0.0007135	0.0339198
-0.000691	0.0313688
-0.0006685	0.0290057
-0.000646	0.0268658
-0.0006235	0.0249684
-0.000601	0.0233373
-0.0005785	0.0219339
-0.000556	0.0207799
-0.0005335	0.0197983
-0.000511	0.0192534
-0.000493267	0.0190493
-0.000475533	0.0189547
-0.0004578	0.018562
-0.000440067	0.0183616
-0.000422333	0.0183037
-0.0004046	0.0182465
-0.000386867	0.0181619
-0.000369133	0.0180035
-0.0003514	0.0177867
-0.000333667	0.0175246
-0.000315933	0.0171332
-0.0002982	0.0167341
-0.000280467	0.0169243
-0.000262733	0.0200418
-0.000245	0.0269624
-0.000217872	0.0478901
-0.000209983	0.0567588
-0.000190968	0.0759249
-0.000174977	0.0925482
-0.000164188	0.107048
-0.000140018	0.114412
-0.000137418	0.114478
-0.000110521	0.0975166
-0.000105079	0.0893552
-8.33211e-05	0.0342411
-7.01076e-05	-0.00278636
-5.57931e-05	-0.0276864
-3.50768e-05	-0.0169713
-2.79841e-05	-0.00792835
-2.64551e-14	0.00192542
)

((xy/key/label "line_x_0.031000_y0_z+")
-2.64551e-14	0.00192542
2.79841e-05	-0.10521
3.50768e-05	-0.124902
5.57931e-05	-0.140684
7.01076e-05	-0.126564
8.33211e-05	-0.0940925
0.000105079	-0.0414775
0.000110521	-0.0328341
0.000137418	-0.00863954
0.000140018	-0.0080981
0.000164188	-0.00708873
0.000174977	-0.0181004
0.000190968	-0.0270985
0.000209983	-0.0313836
0.000217872	-0.0329009
0.000245	-0.0263589
0.000262733	-0.0282464
0.000280467	-0.033299
0.0002982	-0.0360257
0.000315933	-0.0380488
0.000333667	-0.0395029
0.0003514	-0.0404306
0.000369133	-0.0408248
0.000386867	-0.040883
0.0004046	-0.0408095
0.000422333	-0.0405528
0.000440067	-0.040048
0.0004578	-0.0394372
0.000475533	-0.0390472
0.000493267	-0.0384141
0.000511	-0.0376567
0.0005335	-0.0372313
0.000556	-0.037039
0.0005785	-0.0370588
0.000601	-0.0372279
0.0006235	-0.0376201
0.000646	-0.0382061
0.0006685	-0.0389828
0.000691	-0.0399145
0.0007135	-0.040955
0.000736	-0.0420276
0.0007585	-0.0430352
0.000781	-0.0438599
0.0008035	-0.0445908
0.000826	-0.046093
0.0008485	-0.0480989
0.000871	-0.0497313
0.0008935	-0.0508029
0.000916	-0.0505871
0.0009385	-0.0484817
0.000961	-0.043727
0.0009835	-0.0337208
0.001006	-0.0203562
0.0010285	-0.0143038
0.001051	-0.0124658
0.001061	-0.0120351
0.001074	-0.0112774
0.0010909	-0.0104
0.00111287	-0.00928126
0.00113781	-0.00824399
0.00116276	-0.00724777
0.0011877	-0.00631431
0.00121265	-0.00543458
0.00123759	-0.00461612
0.00126253	-0.00386926
0.00128748	-0.0031978
0.00131242	-0.00259828
0.00133737	-0.00207386
0.00136231	-0.0016133
0.00138725	-0.0010824
0.001395	-0.000796696
)

((xy/key/label "line_x_0.034000_y0_z-")
-0.001395	0.07122
-0.00138725	0.0706402
-0.00136231	0.0708238
-0.00133737	0.0720061
-0.00131242	0.0734477
-0.00128748	0.0750177
-0.00126253	0.0767826
-0.00123759	0.0792516
-0.00121265	0.0835358
-0.0011877	0.0906214
-0.00116276	0.0954981
-0.00113781	0.0970387
-0.00111287	0.0963666
-0.0010909	0.094622
-0.001074	0.0926237
-0.001061	0.0904473
-0.001051	0.0888337
-0.0010285	0.0867166
-0.001006	0.0834451
-0.0009835	0.0803895
-0.000961	0.0778946
-0.0009385	0.0759873
-0.000916	0.0744911
-0.0008935	0.0727648
-0.000871	0.0706973
-0.0008485	0.0686515
-0.000826	0.066765
-0.0008035	0.0650757
-0.000781	0.0635972
-0.0007585	0.0623498
-0.000736	0.0613114
-0.0007135	0.0604829
-0.000691	0.0598804
-0.0006685	0.059504
-0.000646	0.05933
-0.0006235	0.0593202
-0.000601	0.0595085
-0.0005785	0.0599296
-0.000556	0.0604594
-0.0005335	0.0610499
-0.000511	0.0618414
-0.000493267	0.0624897
-0.000475533	0.0632137
-0.0004578	0.0640396
-0.000440067	0.0649036
-0.000422333	0.0658649
-0.0004046	0.0669697
-0.000386867	0.0681777
-0.000369133	0.0695229
-0.0003514	0.0710127
-0.000333667	0.072683
-0.000315933	0.0745519
-0.0002982	0.0766678
-0.000280467	0.0790501
-0.000262733	0.0817484
-0.000245	0.0848125
-0.00021782	0.0919556
-0.000209992	0.0946489
-0.000190743	0.101478
-0.000174989	0.109697
-0.000163724	0.116917
-0.000140008	0.138059
-0.000136709	0.140629
-0.000109633	0.139619
-0.000105035	0.131949
-8.24181e-05	0.0672937
-7.00485e-05	0.0313537
-5.50544e-05	0.0017519
-3.50346e-05	0.00998434
-2.75657e-05	0.0133185
-1.19193e-14	0.00203958
)

((xy/key/label "line_x_0.034000_y0_z+")
-1.19193e-14	0.00203958
2.75657e-05	-0.111118
3.50346e-05	-0.134639
5.50544e-05	-0.142042
7.00485e-05	-0.129166
8.24181e-05	-0.0983007
0.000105035	-0.042834
0.000109633	-0.0355314
0.000136709	-0.0317531
0.000140008	-0.0344412
0.000163724	-0.0537583
0.000174989	-0.0601015
0.000190743	-0.0658291
0.000209992	-0.0696627
0.00021782	-0.0708971
0.000245	-0.0737128
0.000262733	-0.0738096
0.000280467	-0.0736062
0.0002982	-0.073194
0.000315933	-0.0726375
0.000333667	-0.0719744
0.0003514	-0.0712822
0.000369133	-0.070586
0.000386867	-0.0698707
0.0004046	-0.0691249
0.000422333	-0.0683676
0.000440067	-0.0676555
0.0004578	-0.0669212
0.000475533	-0.0661447
0.000493267	-0.0654566
0.000511	-0.0647837
0.0005335	-0.0642646
0.000556	-0.0637424
0.0005785	-0.0633193
0.000601	-0.0630193
0.0006235	-0.0629062
0.000646	-0.063018
0.0006685	-0.0633444
0.000691	-0.0638412
0.0007135	-0.064467
0.000736	-0.0652168
0.0007585	-0.0661262
0.000781	-0.0671609
0.0008035	-0.0682291
0.000826	-0.0693346
0.0008485	-0.0704423
0.000871	-0.0714564
0.0008935	-0.0722798
0.000916	-0.0730038
0.0009385	-0.073667
0.000961	-0.0743561
0.0009835	-0.0754242
0.001006	-0.0767134
0.0010285	-0.0785199
0.001051	-0.0800989
0.001061	-0.0804561
0.001074	-0.082064
0.0010909	-0.0841963
0.00111287	-0.0845913
0.00113781	-0.0829488
0.00116276	-0.0788808
0.0011877	-0.0711145
0.00121265	-0.0617657
0.00123759	-0.0602089
0.00126253	-0.0584253
0.00128748	-0.057629
0.00131242	-0.0566156
0.00133737	-0.0555813
0.00136231	-0.0543757
0.00138725	-0.0532591
0.001395	-0.0534753
)

((xy/key/label "line_x_0.037000_y0_z-")
-0.001395	0.745851
-0.00138725	0.735426
-0.00136231	0.702045
-0.00133737	0.672023
-0.00131242	0.640932
-0.00128748	0.61443
-0.00126253	0.592105
-0.00123759	0.572561
-0.00121265	0.554247
-0.0011877	0.537091
-0.00116276	0.52087
-0.00113781	0.505835
-0.00111287	0.49202
-0.0010909	0.479619
-0.001074	0.469635
-0.001061	0.462137
-0.001051	0.456957
-0.0010285	0.450088
-0.001006	0.441093
-0.0009835	0.432772
-0.000961	0.424847
-0.0009385	0.417419
-0.000916	0.410413
-0.0008935	0.403652
-0.000871	0.396947
-0.0008485	0.390408
-0.000826	0.384053
-0.0008035	0.377944
-0.000781	0.37213
-0.0007585	0.366607
-0.000736	0.361413
-0.0007135	0.356544
-0.000691	0.35199
-0.0006685	0.347717
-0.000646	0.343732
-0.0006235	0.339995
-0.000601	0.336396
-0.0005785	0.332875
-0.000556	0.329503
-0.0005335	0.326305
-0.000511	0.3232
-0.000493267	0.320284
-0.000475533	0.318006
-0.0004578	0.315731
-0.000440067	0.313464
-0.000422333	0.311232
-0.0004046	0.309032
-0.000386867	0.306877
-0.000369133	0.304737
-0.0003514	0.3026
-0.000333667	0.300608
-0.000315933	0.298644
-0.0002982	0.296698
-0.000280467	0.294762
-0.000262733	0.292876
-0.000245	0.29101
-0.000217778	0.287645
-0.00021	0.288138
-0.000190556	0.284658
-0.000175	0.285967
-0.000163333	0.282808
-0.00014	0.285174
-0.000136111	0.283385
-0.000108889	0.284846
-0.000105	0.288102
-8.16667e-05	0.283009
-7e-05	0.29664
-5.44444e-05	0.272649
-3.5e-05	0.299783
-2.72222e-05	0.241334
-2.71051e-20	-0.000853127
)

((xy/key/label "line_x_0.037000_y0_z+")
-2.71051e-20	-0.000853127
2.72222e-05	-0.258748
3.5e-05	-0.322593
5.44444e-05	-0.308838
7e-05	-0.341451
8.16667e-05	-0.332547
0.000105	-0.343647
0.000108889	-0.341081
0.000136111	-0.340779
0.00014	-0.342427
0.000163333	-0.338333
0.000175	-0.340137
0.000190556	-0.337141
0.00021	-0.338136
0.000217778	-0.337117
0.000245	-0.337999
0.000262733	-0.337736
0.000280467	-0.337756
0.0002982	-0.338073
0.000315933	-0.33862
0.000333667	-0.339422
0.0003514	-0.340399
0.000369133	-0.34186
0.000386867	-0.343493
0.0004046	-0.345295
0.000422333	-0.347335
0.000440067	-0.349536
0.0004578	-0.351961
0.000475533	-0.354588
0.000493267	-0.357522
0.000511	-0.361704
0.0005335	-0.366378
0.000556	-0.37108
0.0005785	-0.37606
0.000601	-0.381278
0.0006235	-0.38661
0.000646	-0.392022
0.0006685	-0.397504
0.000691	-0.403063
0.0007135	-0.408727
0.000736	-0.414444
0.0007585	-0.420175
0.000781	-0.425894
0.0008035	-0.431577
0.000826	-0.437247
0.0008485	-0.442879
0.000871	-0.448542
0.0008935	-0.454239
0.000916	-0.460088
0.0009385	-0.466251
0.000961	-0.473062
0.0009835	-0.481083
0.001006	-0.491215
0.0010285	-0.505286
0.001051	-0.518881
0.00106026	-0.520663
0.00107231	-0.525111
0.00108799	-0.526657
0.00110841	-0.524328
0.00113338	-0.519537
0.0011592	-0.516353
0.00118499	-0.514981
0.00121076	-0.514744
0.00123651	-0.51531
0.00126223	-0.516932
0.00128793	-0.52059
0.00129874	-0.523427
0.00131361	-0.526551
0.00133927	-0.532574
0.00136491	-0.541314
0.00139053	-0.55166
0.001395	-0.553113
)

((xy/key/label "line_x_0.040000_y0_z-")
-0.001395	2.05644
-0.00138725	2.01859
-0.00136231	1.91521
-0.00133737	1.82853
-0.00131242	1.75341
-0.00128748	1.68763
-0.00126253	1.62942
-0.00123759	1.57745
-0.00121265	1.53082
-0.0011877	1.48892
-0.00116276	1.45127
-0.00113781	1.41763
-0.00111287	1.38725
-0.0010909	1.36092
-0.001074	1.34058
-0.001061	1.32593
-0.001051	1.31582
-0.0010285	1.30265
-0.001006	1.28506
-0.0009835	1.26817
-0.000961	1.25179
-0.0009385	1.23614
-0.000916	1.22144
-0.0008935	1.20758
-0.000871	1.19466
-0.0008485	1.18258
-0.000826	1.17125
-0.0008035	1.16072
-0.000781	1.15092
-0.0007585	1.142
-0.000736	1.13393
-0.0004046	1.10206
-0.000422333	1.09942
-0.000386867	1.10525
-0.000369133	1.109
-0.0003514	1.11348
-0.000333667	1.1186
-0.000315933	1.12437
-0.0002982	1.13082
-0.000262733	1.14596
-0.000280467	1.13801
-0.000245	1.15462
-0.000217866	1.16957
-0.000210121	1.17499
-0.000190797	1.18616
-0.000175332	1.19854
-0.000163733	1.20506
-0.000140504	1.22579
-0.000136627	1.22743
-0.000109449	1.25125
-0.00010556	1.25642
-8.21837e-05	1.26847
-7.04745e-05	1.2859
-5.48394e-05	1.26404
-3.52711e-05	1.28199
-2.74364e-05	1.14551
-7.25367e-13	-0.00324909
-2.74364e-05	1.14551
-0.000280467	1.13801
-0.0002982	1.13082
-0.000422333	1.09942
-0.000440067	1.09734
-0.0004578	1.09581
-0.000475533	1.09482
-0.000493267	1.09434
-0.000511	1.09463
-0.0005335	1.09542
-0.000556	1.09682
-0.0005785	1.09895
-0.000601	1.10173
-0.0006235	1.10524
-0.000646	1.10947
-0.0006685	1.11442
-0.000691	1.12018
-0.0007135	1.12665
-0.000736	1.13393
)

((xy/key/label "line_x_0.040000_y0_z+")
0.001395	9.38253
0.00139388	9.21749
0.00136749	5.68885
0.00134111	2.52415
0.00131472	-0.360459
0.00128834	-2.94575
0.00126196	-5.19266
0.00123558	-7.03231
0.0012092	-8.39385
0.00118283	-9.20669
0.00115645	-9.43388
0.00113008	-9.17636
0.00110522	-8.60531
0.00109864	-8.3872
0.00108597	-7.92899
0.00107116	-7.36869
0.00105976	-6.95928
0.001051	-6.70388
0.0010285	-6.41863
0.001006	-5.94796
0.0009835	-5.47643
0.000961	-5.06489
0.0009385	-4.72641
0.000916	-4.45944
0.0008935	-4.2531
0.000871	-4.09397
0.0008485	-3.96988
0.000826	-3.8706
0.0008035	-3.78808
0.000781	-3.71599
0.0007585	-3.64974
0.000736	-3.58595
0.0007135	-3.52213
0.000691	-3.45697
0.0006685	-3.38949
0.000646	-3.3198
0.0006235	-3.24744
0.000601	-3.17264
0.0005785	-3.09512
0.000556	-3.01533
0.0005335	-2.93361
0.000511	-2.84985
0.000493267	-2.77347
0.000475533	-2.70789
0.0004578	-2.64295
0.000440067	-2.57864
0.000422333	-2.51506
0.0004046	-2.45244
0.000386867	-2.39084
0.000369133	-2.33041
0.0003514	-2.27123
0.0002982	-2.10222
0.000315933	-2.15702
0.000280467	-2.04909
7.04745e-05	-1.49944
8.21836e-05	-1.51994
5.48394e-05	-1.42312
8.21836e-05	-1.51994
0.00010556	-1.58617
0.000109449	-1.59364
0.000136627	-1.65792
0.000140504	-1.6691
0.000163733	-1.72255
0.000175332	-1.7542
0.000190797	-1.79247
0.000210121	-1.84626
0.000217866	-1.86762
0.000245	-1.94833
0.000262733	-1.99771
0.000280467	-2.04909
3.52712e-05	-1.37613
5.48394e-05	-1.42312
2.74364e-05	-1.21463
-7.25367e-13	-0.00324909
0.000315933	-2.15702
0.000333667	-2.2134
0.0003514	-2.27123
)

((xy/key/label "line_x_0.043000_y0_z-")
-0.001395	1.66664
-0.00138725	1.65604
-0.00136231	1.62125
-0.00133737	1.58563
-0.00131242	1.55018
-0.00128748	1.51465
-0.00126253	1.47959
-0.00123759	1.44525
-0.00121265	1.41177
-0.0011877	1.37925
-0.00116276	1.34775
-0.00113781	1.31733
-0.00111287	1.288
-0.0010909	1.26144
-0.001074	1.24026
-0.001061	1.22457
-0.001051	1.21275
-0.0010285	1.19746
-0.001006	1.17696
-0.0009835	1.1572
-0.000961	1.13819
-0.0009385	1.11989
-0.000916	1.10233
-0.0008935	1.08555
-0.000871	1.06956
-0.0008485	1.05432
-0.000826	1.03988
-0.0008035	1.02625
-0.000781	1.0134
-0.0007585	1.00134
-0.000736	0.990068
-0.0007135	0.979581
-0.000691	0.969866
-0.0006685	0.960943
-0.000646	0.952813
-0.0006235	0.945453
-0.000601	0.938868
-6.46152e-13	0.00306039
-2.80483e-05	0.990228
-3.60458e-05	1.02353
-5.59679e-05	1.06958
-7.18301e-05	1.03631
-8.36607e-05	1.04828
-0.000107159	1.02269
-0.000111051	1.0249
-0.000138101	1.00611
-0.000141943	1.00118
-0.000164873	0.99039
-0.000176282	0.980252
-0.000191487	0.975531
-0.000210467	0.963463
-0.000218116	0.961683
-0.000245	0.94894
-0.000262733	0.942264
-0.000280467	0.936539
-0.0002982	0.931496
-0.000315933	0.927164
-0.000333667	0.923525
-0.0003514	0.920525
-0.000369133	0.918135
-0.000386867	0.916353
-0.0004046	0.91519
-0.000422333	0.914644
-0.000440067	0.91457
-0.0004578	0.915043
-0.000475533	0.916105
-0.000493267	0.917777
-0.000511	0.919572
-0.0005335	0.923382
-0.000556	0.927953
-0.0005785	0.933038
-0.000601	0.938868
)

((xy/key/label "line_x_0.043000_y0_z+")
0.001395	9.11044
0.00139298	9.03872
0.00136679	8.10729
0.0013406	7.17868
0.00131441	6.24306
0.00131287	6.1889
0.00128822	5.32169
0.00126204	4.42447
0.00123585	3.5592
0.00120967	2.74316
0.00118349	1.98746
0.00115731	1.29573
0.00113114	0.679892
0.00110626	0.15094
0.00108664	-0.259878
0.00107155	-0.542202
0.00105993	-0.731945
0.001051	-0.84912
0.0010285	-0.999389
0.001006	-1.19962
0.0009835	-1.38002
0.000961	-1.53474
0.0009385	-1.66353
0.000916	-1.76849
0.0008935	-1.85178
0.000871	-1.91504
0.0008485	-1.96023
0.000826	-1.98971
0.0008035	-2.00634
0.000781	-2.01282
0.0007585	-2.01143
0.000736	-2.00402
0.0007135	-1.99196
0.000691	-1.97622
0.0006685	-1.95744
0.000646	-1.9361
0.0006235	-1.91256
0.000601	-1.88719
0.0005785	-1.8602
0.0005785	-1.8602
0.000556	-1.83149
0.0005335	-1.80204
0.000511	-1.77231
0.000493267	-1.74957
0.000475533	-1.72621
0.0004578	-1.7027
0.000440067	-1.6791
0.000422333	-1.65541
0.0004046	-1.63121
0.000386867	-1.60699
0.000369133	-1.58273
0.0003514	-1.55849
0.000333667	-1.53433
0.000315933	-1.51025
0.0002982	-1.48623
0.000280467	-1.46225
0.000262733	-1.43834
0.000245	-1.41499
0.000218116	-1.37833
0.000210467	-1.36621
0.000191487	-1.34296
0.000176282	-1.32002
0.000164873	-1.30814
0.000141943	-1.27624
0.000138101	-1.27341
0.000111051	-1.23963
0.000107159	-1.22987
8.36607e-05	-1.20688
7.18301e-05	-1.17173
5.59679e-05	-1.16897
3.60458e-05	-1.08334
2.80483e-05	-1.02555
-6.46152e-13	0.00306039
)

((xy/key/label "line_x_0.046000_y0_z-")
-0.0008485	0.838282
-0.000826	0.826561
-0.0008035	0.815328
-0.000781	0.804581
-0.0007585	0.794332
-0.000736	0.784594
-0.000736	0.784594
-0.0007135	0.775378
-0.000691	0.766698
-0.0006685	0.758553
-0.000646	0.750946
-0.0006235	0.743772
-0.000601	0.737085
-0.0005785	0.730952
-0.000556	0.725366
-0.0005335	0.720306
-0.000511	0.715816
-0.000493267	0.713466
-0.000475533	0.710819
-0.0004578	0.708606
-0.000440067	0.706796
-0.000422333	0.705358
-0.0004046	0.704293
-0.000386867	0.703623
-0.000369133	0.703365
-0.0003514	0.703499
-0.000333667	0.704002
-0.000315933	0.704866
-0.0002982	0.706085
-0.000280467	0.707651
-0.000262733	0.709583
-0.000245	0.712092
-0.000218366	0.717152
-0.000210812	0.717087
-0.000192175	0.722602
-0.000177231	0.723004
-0.000166013	0.728219
-0.000143383	0.730973
-0.000139576	0.733784
-0.000112653	0.740971
-0.000108758	0.738215
-8.51377e-05	0.751182
-7.31858e-05	0.738509
-5.70964e-05	0.760144
-3.68205e-05	0.719399
-2.86602e-05	0.698565
-5.66936e-13	0.00644887
-0.0008485	0.838282
-0.000871	0.850462
-0.0008935	0.86309
-0.000916	0.876151
-0.0009385	0.88963
-0.000961	0.903506
-0.0009835	0.917745
-0.001006	0.932348
-0.0010285	0.947179
-0.001051	0.958156
-0.001061	0.966592
-0.001074	0.977702
-0.0010909	0.992499
-0.00111287	1.01076
-0.00113781	1.03056
-0.00116276	1.05075
-0.0011877	1.0713
-0.00121265	1.09215
-0.00123759	1.11326
-0.00126253	1.13452
-0.00128748	1.15554
-0.00131242	1.17657
-0.00133737	1.19732
-0.00136231	1.21764
-0.00138725	1.23746
-0.001395	1.24334
)

((xy/key/label "line_x_0.046000_y0_z+")
0.00113219	2.37569
0.00115817	2.66144
0.00117877	2.89785
0.00118416	2.95981
0.001051	1.50159
0.0010601	1.58395
-5.66936e-13	0.00644887
2.86602e-05	-0.702746
3.68205e-05	-0.73605
5.70964e-05	-0.790298
7.31858e-05	-0.782617
8.51377e-05	-0.802896
0.000108758	-0.80667
0.000112653	-0.811779
0.000139576	-0.820748
0.000143383	-0.820391
0.000166013	-0.829283
0.000177231	-0.830307
0.000192175	-0.836658
0.000210812	-0.839962
0.000218366	-0.843114
0.000245	-0.848912
0.000262733	-0.851273
0.000280467	-0.853236
0.0002982	-0.854406
0.000315933	-0.854641
0.000333667	-0.853858
0.0003514	-0.851968
0.000369133	-0.84886
0.000386867	-0.844466
0.0004046	-0.838688
0.000422333	-0.831348
0.000440067	-0.8223
0.0004578	-0.811388
0.000475533	-0.798466
0.000493267	-0.783356
0.000511	-0.761135
0.0005335	-0.735446
0.000556	-0.705967
0.0005785	-0.671972
0.000601	-0.63309
0.0006235	-0.589021
0.000646	-0.539439
0.0006685	-0.483889
0.000691	-0.421968
0.0007135	-0.353272
0.000736	-0.277542
0.0007585	-0.194538
0.000781	-0.104033
0.0008035	-0.00578176
0.000826	0.100423
0.0008485	0.214685
0.000871	0.337065
0.0008935	0.467567
0.000916	0.606187
0.0009385	0.752793
0.000961	0.907073
0.0009835	1.06815
0.001006	1.23353
0.0010285	1.39344
0.001051	1.50159
0.0010601	1.58395
0.00107193	1.70865
0.00108731	1.88096
0.00110731	2.10865
0.00113219	2.37569
0.00115817	2.66144
0.00117877	2.89785
0.00118416	2.95981
0.00121014	3.26632
0.00123613	3.58101
0.00126212	3.89983
0.0012881	4.22133
0.00131409	4.54599
0.00134009	4.87102
0.00136608	5.19864
0.00139207	5.52793
0.001395	5.5651
)

((xy/key/label "line_x_0.049000_y0_z-")
-4.87721e-13	0.0109189
-2.92721e-05	0.518537
-3.75951e-05	0.536859
-5.82249e-05	0.574239
-7.45414e-05	0.565012
-8.66148e-05	0.578449
-0.000110358	0.577456
-0.000114254	0.580717
-0.00014105	0.584163
-0.000144822	0.583322
-0.000167152	0.587918
-0.000178179	0.587304
-0.000192863	0.590983
-0.000211157	0.591759
-0.000218616	0.593653
-0.000245	0.59624
-0.000262733	0.598243
-0.000280467	0.600441
-0.0002982	0.602711
-0.000315933	0.605058
-0.000333667	0.60749
-0.0003514	0.610025
-0.000369133	0.612676
-0.000386867	0.615464
-0.0004046	0.61839
-0.000422333	0.621462
-0.000440067	0.624687
-0.0004578	0.628082
-0.000475533	0.63169
-0.000493267	0.635537
-0.000511	0.639558
-0.0005335	0.644981
-0.000556	0.650671
-0.0005785	0.656653
-0.000601	0.662946
-0.0006235	0.669567
-0.000646	0.676529
-0.0006685	0.683823
-0.000691	0.691437
-0.0007135	0.699368
-0.000736	0.70762
-0.0007585	0.716138
-0.000781	0.724899
-0.0008035	0.733973
-0.000826	0.743356
-0.0008485	0.753044
-0.000871	0.763029
-0.0008935	0.773299
-0.000916	0.783846
-0.0009385	0.794659
-0.000961	0.805727
-0.0009835	0.817032
-0.001006	0.828551
-0.0010285	0.840181
-0.001051	0.848778
-0.001061	0.855294
-0.001074	0.863906
-0.0010909	0.875312
-0.00111287	0.889284
-0.00113781	0.904339
-0.00116276	0.919604
-0.0011877	0.935061
-0.00121265	0.950483
-0.00123759	0.966037
-0.00126253	0.981686
-0.00128748	0.997218
-0.00131242	1.01263
-0.00133737	1.02787
-0.00136231	1.04281
-0.00138725	1.0573
-0.001395	1.06154
)

((xy/key/label "line_x_0.049000_y0_z+")
0.001395	3.92996
0.00139117	3.90485
0.00136537	3.73544
0.00133958	3.56643
0.00131378	3.39838
0.00128799	3.23152
0.00126219	3.06615
0.0012364	2.90122
0.00121061	2.73821
0.00118482	2.57678
0.00115903	2.41642
0.00113325	2.25994
0.00110835	2.11093
0.00108799	1.97956
0.00107232	1.8769
0.00106027	1.80003
0.001051	1.74494
0.0010285	1.66906
0.001006	1.55941
0.0009835	1.44907
0.000961	1.34118
0.0009385	1.23625
0.000916	1.13447
0.0008935	1.03592
0.000871	0.940667
0.0008485	0.848773
0.000826	0.760056
0.0008035	0.67473
0.000781	0.592899
0.0007585	0.514571
0.000736	0.439733
0.0007135	0.368352
0.000691	0.300377
0.0006685	0.235766
0.000646	0.174498
0.0006235	0.116511
0.000601	0.0611372
0.0005785	0.00878963
0.000556	-0.0404402
0.0005335	-0.0866689
0.000511	-0.130088
0.000493267	-0.163071
0.000475533	-0.193527
0.0004578	-0.222257
0.000440067	-0.249354
0.000422333	-0.274881
0.0004046	-0.298896
0.000386867	-0.321458
0.000369133	-0.342635
0.0003514	-0.362511
0.000333667	-0.381087
0.000315933	-0.398426
0.0002982	-0.414588
0.000280467	-0.429651
0.000262733	-0.443676
0.000245	-0.456883
0.000218616	-0.474244
0.000211157	-0.477831
0.000192863	-0.489496
0.000178179	-0.495776
0.000167152	-0.502923
0.000144822	-0.511987
0.00014105	-0.514743
0.000114254	-0.525536
0.000110358	-0.52429
8.66148e-05	-0.535581
7.45415e-05	-0.52794
5.82249e-05	-0.542057
3.75952e-05	-0.513887
2.92721e-05	-0.493096
-4.87721e-13	0.0109189
)

((xy/key/label "line_x_0.052000_y0_z-")
-4.08506e-13	0.0142177
-2.9884e-05	0.392867
-3.83698e-05	0.407566
-5.93534e-05	0.444365
-7.58971e-05	0.442837
-8.80918e-05	0.457781
-0.000111957	0.465426
-0.000115856	0.469334
-0.000142524	0.48116
-0.000146261	0.481736
-0.000168291	0.492542
-0.000179128	0.495467
-0.00019355	0.502809
-0.000211501	0.508764
-0.000218865	0.512398
-0.000245	0.521787
-0.000262733	0.528096
-0.000280467	0.534375
-0.0002982	0.540548
-0.000315933	0.546617
-0.000333667	0.552594
-0.0003514	0.558495
-0.000369133	0.564332
-0.000386867	0.570121
-0.0004046	0.575874
-0.000422333	0.581606
-0.000440067	0.587329
-0.0004578	0.593058
-0.000475533	0.598813
-0.000493267	0.604635
-0.000511	0.610544
-0.0005335	0.618074
-0.000556	0.625641
-0.0005785	0.633269
-0.000601	0.64098
-0.0006235	0.648793
-0.000646	0.65672
-0.0006685	0.664773
-0.000691	0.672962
-0.0007135	0.681294
-0.000736	0.689776
-0.0007585	0.698415
-0.000781	0.707198
-0.0008035	0.716136
-0.000826	0.725231
-0.0008485	0.734483
-0.000871	0.743892
-0.0008935	0.753459
-0.000916	0.763165
-0.0009385	0.772958
-0.000961	0.782892
-0.0009835	0.792966
-0.001006	0.803172
-0.0010285	0.813438
-0.001051	0.821017
-0.001061	0.826664
-0.001074	0.834086
-0.0010909	0.84384
-0.00111287	0.855431
-0.00113781	0.867978
-0.00116276	0.880639
-0.0011877	0.89335
-0.00121265	0.906047
-0.00123759	0.918779
-0.00126253	0.931502
-0.00128748	0.944178
-0.00131242	0.956756
-0.00133737	0.969106
-0.00136231	0.981085
-0.00138725	0.992485
-0.001395	0.995737
)

((xy/key/label "line_x_0.052000_y0_z+")
0.001395	3.10703
0.00139027	3.08729
0.00136467	2.97931
0.00134697	2.90427
0.00133907	2.87081
0.00131347	2.76227
0.00128787	2.65402
0.00126227	2.54632
0.00123668	2.43942
0.00121108	2.33353
0.00118549	2.22868
0.00115989	2.12439
0.0011343	2.02144
0.00110939	1.92199
0.00108866	1.83532
0.00107271	1.76386
0.00106044	1.71009
0.001051	1.66989
0.0010285	1.61309
0.001006	1.5337
0.0009835	1.4543
0.000961	1.37615
0.0009385	1.29944
0.000916	1.22428
0.0008935	1.1507
0.000871	1.07877
0.0008485	1.00854
0.000826	0.940047
0.0008035	0.873335
0.000781	0.808383
0.0007585	0.744896
0.000736	0.683191
0.0007135	0.623368
0.000691	0.565439
0.0006685	0.509411
0.000646	0.455286
0.0006235	0.403051
0.000601	0.352689
0.0005785	0.304169
0.000556	0.257472
0.0005335	0.212576
0.000511	0.169413
0.000493267	0.136639
0.000475533	0.105121
0.0004578	0.0747386
0.000440067	0.0454296
0.000422333	0.0171724
0.0004046	-0.0100519
0.000386867	-0.0362617
0.000369133	-0.0614813
0.0003514	-0.0857462
0.000333667	-0.10909
0.000315933	-0.131533
0.0002982	-0.153092
0.000280467	-0.173783
0.000262733	-0.193619
0.000245	-0.212826
0.000218865	-0.239324
0.000211501	-0.245708
0.00019355	-0.263603
0.000179128	-0.275485
0.000168291	-0.286331
0.000146261	-0.304008
0.000142524	-0.307968
0.000115856	-0.329133
0.000111957	-0.330011
8.80918e-05	-0.350153
7.58971e-05	-0.349884
5.93534e-05	-0.368951
3.83698e-05	-0.356837
2.9884e-05	-0.346617
-4.08506e-13	0.0142177
)

((xy/key/label "line_x_0.055000_y0_z-")
-3.2929e-13	0.0161042
-3.04959e-05	0.31156
-3.91445e-05	0.323622
-6.04819e-05	0.359607
-7.72528e-05	0.362557
-8.95688e-05	0.37825
-0.000113556	0.39093
-0.000117457	0.395195
-0.000143998	0.411953
-0.000147701	0.413374
-0.00016943	0.427921
-0.000180075	0.433006
-0.000194236	0.442644
-0.000211845	0.451913
-0.000219113	0.456709
-0.000245	0.470775
-0.000262733	0.480187
-0.000280467	0.489448
-0.0002982	0.49857
-0.000315933	0.507556
-0.000333667	0.516396
-0.0003514	0.525092
-0.000369133	0.533651
-0.000386867	0.542079
-0.0004046	0.550387
-0.000422333	0.558585
-0.000440067	0.566682
-0.0004578	0.574691
-0.000475533	0.582626
-0.000493267	0.59051
-0.000511	0.598358
-0.0005335	0.608222
-0.000556	0.617986
-0.0005785	0.627666
-0.000601	0.637285
-0.0006235	0.646858
-0.000646	0.656406
-0.0006685	0.665949
-0.000691	0.675487
-0.0007135	0.685031
-0.000736	0.694588
-0.0007585	0.70417
-0.000781	0.713783
-0.0008035	0.723432
-0.000826	0.73312
-0.0008485	0.742847
-0.000871	0.752616
-0.0008935	0.762431
-0.000916	0.772293
-0.0009385	0.782205
-0.000961	0.792167
-0.0009835	0.802175
-0.001006	0.812207
-0.0010285	0.822228
-0.001051	0.83006
-0.001061	0.835382
-0.001074	0.842313
-0.0010909	0.850805
-0.00111287	0.861006
-0.00113781	0.872546
-0.00116276	0.884062
-0.0011877	0.895573
-0.00121265	0.907058
-0.00123759	0.918486
-0.00126253	0.929812
-0.00128748	0.940987
-0.00131242	0.951938
-0.00133737	0.96256
-0.00136231	0.972686
-0.00138725	0.98206
-0.001395	0.984645
)

((xy/key/label "line_x_0.055000_y0_z+")
0.001395	2.61667
0.00138936	2.59991
0.00136396	2.52267
0.00133856	2.44445
0.00131315	2.36572
0.00128775	2.2868
0.00126235	2.20792
0.00123695	2.12925
0.00121155	2.05096
0.00118615	1.97314
0.00116075	1.89592
0.00113535	1.81935
0.00111044	1.74487
0.00108933	1.68211
0.0010731	1.63074
0.00106061	1.58871
0.00105339	1.56466
0.001051	1.5567
0.0010285	1.50692
0.001006	1.44394
0.0009835	1.38154
0.000961	1.31993
0.0009385	1.25917
0.000916	1.19931
0.0008935	1.14039
0.000871	1.08245
0.0008485	1.0255
0.000826	0.969585
0.0008035	0.91473
0.000781	0.860967
0.0007585	0.808317
0.000736	0.756801
0.0007135	0.706436
0.000691	0.657237
0.0006685	0.609216
0.000646	0.562382
0.0006235	0.516742
0.000601	0.472299
0.0005785	0.429052
0.000556	0.386998
0.0005335	0.346124
0.000511	0.306395
0.000493267	0.275911
0.000475533	0.246212
0.0004578	0.217294
0.000440067	0.189102
0.000422333	0.161627
0.0004046	0.134857
0.000386867	0.108785
0.000369133	0.0833993
0.0003514	0.0586879
0.000333667	0.0346377
0.000315933	0.0112334
0.0002982	-0.011538
0.000280467	-0.0336858
0.000262733	-0.0552167
0.000245	-0.0762796
0.000219113	-0.105468
0.000211845	-0.112804
0.000194236	-0.132564
0.000180075	-0.146432
0.00016943	-0.158481
0.000147701	-0.179477
0.000143998	-0.183858
0.000117457	-0.209362
0.000113556	-0.21129
8.95688e-05	-0.2354
7.72528e-05	-0.239057
6.04819e-05	-0.260407
3.91445e-05	-0.257461
3.04959e-05	-0.253777
-3.2929e-13	0.0161042
)

((xy/key/label "line_x_0.058000_y0_z-")
-2.50075e-13	0.0172079
-3.11078e-05	0.258692
-3.99192e-05	0.269164
-6.16104e-05	0.30429
-7.86085e-05	0.310116
-9.10458e-05	0.326125
-0.000115156	0.341886
-0.000119059	0.346323
-0.000145472	0.365971
-0.00014914	0.367905
-0.000170568	0.384548
-0.000181023	0.39089
-0.000194921	0.401785
-0.000212189	0.412936
-0.000219362	0.418406
-0.000245	0.435221
-0.000262733	0.446804
-0.000280467	0.458248
-0.0002982	0.469504
-0.000315933	0.480573
-0.000333667	0.491462
-0.0003514	0.502177
-0.000369133	0.512724
-0.000386867	0.523112
-0.0004046	0.533348
-0.000422333	0.543438
-0.000440067	0.553392
-0.0004578	0.56322
-0.000475533	0.572934
-0.000493267	0.582563
-0.000511	0.592116
-0.0005335	0.604088
-0.000556	0.615893
-0.0005785	0.627538
-0.000601	0.639042
-0.0006235	0.650421
-0.000646	0.661685
-0.0006685	0.672846
-0.000691	0.683915
-0.0007135	0.694901
-0.000736	0.705812
-0.0007585	0.716656
-0.000781	0.72744
-0.0008035	0.738171
-0.000826	0.748853
-0.0008485	0.759491
-0.000871	0.770089
-0.0008935	0.780648
-0.000916	0.79117
-0.0009385	0.801656
-0.000961	0.812101
-0.0009835	0.822494
-0.001006	0.832817
-0.0010285	0.843017
-0.001051	0.852283
-0.001061	0.857595
-0.001074	0.863781
-0.0010909	0.871732
-0.00111287	0.881975
-0.00113781	0.893451
-0.00116276	0.904788
-0.0011877	0.916
-0.00121265	0.927077
-0.00123759	0.937996
-0.00126253	0.948713
-0.00128748	0.959164
-0.00131242	0.969254
-0.00133737	0.978863
-0.00136231	0.987875
-0.00138725	0.996045
-0.001395	0.99818
)

((xy/key/label "line_x_0.058000_y0_z+")
0.001395	2.29947
0.00138846	2.28459
0.00136325	2.22508
0.00133805	2.1643
0.00131284	2.10274
0.00128763	2.04072
0.00126243	1.97847
0.00123722	1.91614
0.00121202	1.85387
0.00118682	1.79177
0.00116161	1.7299
0.00113641	1.66834
0.00111148	1.6078
0.00109	1.55594
0.00107348	1.51627
0.00106078	1.4853
0.001051	1.45903
0.0010285	1.4102
0.001006	1.35786
0.0009835	1.30601
0.000961	1.25469
0.0009385	1.20393
0.000916	1.15377
0.0008935	1.10421
0.000871	1.0553
0.0008485	1.00705
0.000826	0.95949
0.0008035	0.912628
0.000781	0.866485
0.0007585	0.821078
0.000736	0.776428
0.0007135	0.732547
0.000691	0.689451
0.0006685	0.647151
0.000646	0.605653
0.0006235	0.564965
0.000601	0.525094
0.0005785	0.486043
0.000556	0.447813
0.0005335	0.4104
0.000511	0.373788
0.000493267	0.345522
0.000475533	0.317789
0.0004578	0.290589
0.000440067	0.263906
0.000422333	0.237733
0.0004046	0.212067
0.000386867	0.186902
0.000369133	0.162236
0.0003514	0.138064
0.000333667	0.114382
0.000315933	0.0911855
0.0002982	0.0684699
0.000280467	0.0462315
0.000262733	0.0244651
0.000245	0.0030491
0.000219362	-0.0266167
0.000212189	-0.0342075
0.000194921	-0.0542223
0.000181023	-0.0686601
0.000170568	-0.0809203
0.00014914	-0.103055
0.000145472	-0.107531
0.000119059	-0.134778
0.000115156	-0.137264
9.10458e-05	-0.163123
7.86085e-05	-0.169044
6.16104e-05	-0.191326
3.99192e-05	-0.194006
3.11078e-05	-0.194204
-2.50075e-13	0.0172079
)

((xy/key/label "line_x_0.061000_y0_z-")
-1.7086e-13	0.0179159
-3.17197e-05	0.278443
-4.06939e-05	0.292423
-6.27389e-05	0.328788
-7.99642e-05	0.336927
-9.25228e-05	0.353547
-0.000116755	0.371337
-0.00012066	0.375959
-0.000146946	0.397314
-0.000150579	0.39954
-0.000171706	0.417347
-0.00018197	0.42438
-0.000195606	0.435999
-0.000212532	0.448222
-0.000219609	0.454122
-0.000245	0.472695
-0.000262733	0.485646
-0.000280467	0.498473
-0.0002982	0.511111
-0.000315933	0.523558
-0.000333667	0.535814
-0.0003514	0.547889
-0.000369133	0.55979
-0.000386867	0.571524
-0.0004046	0.583097
-0.000422333	0.594515
-0.000440067	0.605782
-0.0004578	0.616905
-0.000475533	0.627894
-0.000493267	0.638763
-0.000511	0.649526
-0.0005335	0.663002
-0.000556	0.676281
-0.0005785	0.689364
-0.000601	0.702266
-0.0006235	0.714999
-0.000646	0.727571
-0.0006685	0.739991
-0.000691	0.752266
-0.0007135	0.764404
-0.000736	0.776412
-0.0007585	0.788294
-0.000781	0.800058
-0.0008035	0.811707
-0.000826	0.823247
-0.0008485	0.83468
-0.000871	0.846009
-0.0008935	0.857237
-0.000916	0.868365
-0.0009385	0.87939
-0.000961	0.890312
-0.0009835	0.901123
-0.001006	0.911808
-0.0010285	0.922328
-0.001051	0.932683
-0.001061	0.937309
-0.001074	0.943446
-0.0010909	0.951435
-0.00111287	0.961696
-0.00113781	0.973135
-0.00116276	0.984358
-0.0011877	0.995373
-0.00121265	1.00617
-0.00123759	1.01671
-0.00126253	1.02696
-0.00128748	1.03685
-0.00131242	1.04628
-0.00133737	1.05514
-0.00136231	1.06323
-0.00138725	1.07026
-0.001395	1.07196
)

((xy/key/label "line_x_0.061000_y0_z+")
0.001395	2.02016
0.00138756	2.00655
0.00136255	1.95825
0.00133754	1.90836
0.00131253	1.85746
0.00128752	1.80592
0.00126251	1.75397
0.0012375	1.70179
0.00121249	1.64949
0.00118748	1.59719
0.00116247	1.54497
0.00113746	1.4929
0.00111252	1.44116
0.00109068	1.39604
0.00107387	1.36151
0.00106094	1.33512
0.001051	1.31492
0.0010285	1.26906
0.001006	1.22353
0.0009835	1.17839
0.000961	1.13364
0.0009385	1.0893
0.000916	1.04538
0.0008935	1.00189
0.000871	0.958862
0.0008485	0.916305
0.000826	0.874238
0.0008035	0.832676
0.000781	0.791636
0.0007585	0.751129
0.000736	0.711169
0.0007135	0.671765
0.000691	0.632927
0.0006685	0.594664
0.000646	0.556983
0.0006235	0.519891
0.000601	0.483395
0.0005785	0.447503
0.000556	0.412216
0.0005335	0.377533
0.000511	0.343451
0.000493267	0.317037
0.000475533	0.291014
0.0004578	0.265386
0.000440067	0.240142
0.000422333	0.215281
0.0004046	0.190801
0.000386867	0.166701
0.000369133	0.142981
0.0003514	0.119638
0.000333667	0.0966702
0.000315933	0.0740765
0.0002982	0.0518548
0.000280467	0.0300027
0.000262733	0.00851731
0.000245	-0.0127165
0.000219609	-0.0419311
0.000212532	-0.0494414
0.000195606	-0.0690583
0.00018197	-0.083392
0.000171706	-0.0954667
0.000150579	-0.117709
0.000146946	-0.122153
0.00012066	-0.149843
0.000116755	-0.15251
9.25228e-05	-0.178858
7.99642e-05	-0.185581
6.27389e-05	-0.207689
4.06939e-05	-0.211877
3.17197e-05	-0.209907
-1.7086e-13	0.0179159
)

((xy/key/label "line_x_0.064000_y0_z-")
-1.52603e-13	0.0178896
-3.37244e-05	0.498758
-4.32621e-05	0.53076
-6.66752e-05	0.57553
-8.49521e-05	0.585648
-9.82618e-05	0.60459
-0.000123904	0.623444
-0.00012803	0.628597
-0.000155754	0.650684
-0.000159579	0.652934
-0.000181792	0.671291
-0.000192568	0.678474
-0.00020688	0.690594
-0.00022464	0.703228
-0.000232084	0.709515
-0.00025882	0.729153
-0.000277549	0.742578
-0.000296277	0.755996
-0.000315006	0.769294
-0.000333735	0.782453
-0.000352464	0.795467
-0.000371193	0.808335
-0.000389922	0.821065
-0.000408651	0.83366
-0.00042738	0.846125
-0.000446109	0.85846
-0.000464837	0.870669
-0.000483566	0.882753
-0.000502295	0.89471
-0.000521024	0.906537
-0.000539753	0.918206
-0.000563521	0.932844
-0.000587288	0.947339
-0.000611056	0.961652
-0.000634824	0.975786
-0.000658591	0.989747
-0.000682359	1.00354
-0.000706127	1.01717
-0.000729894	1.03064
-0.000753662	1.04397
-0.000777429	1.05715
-0.000801197	1.07018
-0.000824965	1.08309
-0.000848732	1.09586
-0.0008725	1.1085
-0.000896268	1.12102
-0.000920035	1.13341
-0.000943803	1.14569
-0.000967571	1.15786
-0.000991338	1.1699
-0.00101511	1.18182
-0.00103887	1.19363
-0.00106264	1.20532
-0.00108641	1.2169
-0.00111018	1.22839
-0.00112173	1.23396
-0.00113621	1.24092
-0.0011545	1.24967
-0.00117772	1.26069
-0.00120384	1.27292
-0.00122997	1.28496
-0.00125609	1.29679
-0.00128221	1.30837
-0.00130833	1.31968
-0.00133446	1.33065
-0.00136058	1.34122
-0.0013867	1.35128
-0.001395	1.35428
)

((xy/key/label "line_x_0.064000_y0_z+")
0.001395	1.29254
0.0013867	1.28062
0.00136058	1.24206
0.00133446	1.20275
0.00130833	1.16291
0.00128221	1.12268
0.00125609	1.08218
0.00122997	1.04151
0.00120384	1.00073
0.00117772	0.959898
0.0011545	0.923586
0.00113621	0.895046
0.00112173	0.872516
0.00111018	0.854648
0.00108641	0.818037
0.00106264	0.781516
0.00103887	0.745136
0.00101511	0.708926
0.000991338	0.672908
0.000967571	0.637102
0.000943803	0.601526
0.000920035	0.566198
0.000896268	0.531133
0.0008725	0.496345
0.000848732	0.461849
0.000824965	0.427658
0.000801197	0.393783
0.000777429	0.360236
0.000753662	0.327028
0.000729894	0.294169
0.000706127	0.261668
0.000682359	0.229532
0.000658591	0.19777
0.000634824	0.166387
0.000611056	0.13539
0.000587288	0.104786
0.000563521	0.0745847
0.000539753	0.0448199
0.000521024	0.0216624
0.000502295	-0.00130787
0.000483566	-0.0240326
0.000464837	-0.046504
0.000446109	-0.0687182
0.00042738	-0.0906728
0.000408651	-0.112367
0.000389922	-0.133799
0.000371193	-0.15497
0.000352464	-0.175876
0.000333735	-0.196517
0.000315006	-0.216887
0.000296277	-0.236973
0.000277549	-0.256749
0.00025882	-0.276332
0.000232084	-0.30345
0.000224641	-0.31024
0.00020688	-0.328557
0.000192568	-0.341633
0.000181792	-0.353066
0.000159579	-0.373814
0.000155754	-0.378102
0.00012803	-0.404193
0.000123904	-0.406215
9.82618e-05	-0.430961
8.49521e-05	-0.43513
6.66752e-05	-0.455016
4.32621e-05	-0.450566
3.37244e-05	-0.430425
-1.52603e-13	0.0178896
)

((xy/key/label "line_x_0.067000_y0_z-")
-1.64825e-13	0.0170975
-3.64255e-05	0.504736
-4.6727e-05	0.536949
-7.20153e-05	0.58192
-9.17561e-05	0.591693
-0.000106132	0.610677
-0.000133828	0.629281
-0.000138284	0.634447
-0.000168229	0.656371
-0.00017236	0.658591
-0.000196352	0.676882
-0.000207991	0.684024
-0.00022345	0.696151
-0.000242632	0.708779
-0.000250672	0.715087
-0.000279549	0.734784
-0.000299771	0.748227
-0.000319994	0.761698
-0.000340216	0.775072
-0.000360438	0.788325
-0.00038066	0.801451
-0.000400882	0.814454
-0.000421105	0.827332
-0.000441327	0.840086
-0.000461549	0.852717
-0.000481771	0.865228
-0.000501994	0.87762
-0.000522216	0.889893
-0.000542438	0.902046
-0.00056266	0.914075
-0.000582882	0.925957
-0.000608552	0.940872
-0.000634221	0.955641
-0.00065989	0.970228
-0.000685559	0.984636
-0.000711228	0.998871
-0.000736897	1.01294
-0.000762566	1.02684
-0.000788235	1.04058
-0.000813904	1.05415
-0.000839574	1.06757
-0.000865243	1.08084
-0.000890912	1.09395
-0.000916581	1.10692
-0.00094225	1.11974
-0.000967919	1.13241
-0.000993588	1.14494
-0.00101926	1.15733
-0.00104493	1.16957
-0.0010706	1.18166
-0.00109626	1.19361
-0.00112193	1.20541
-0.0011476	1.21705
-0.00117327	1.22854
-0.00119894	1.23989
-0.00121283	1.24598
-0.00122954	1.25328
-0.00124989	1.26209
-0.001275	1.2728
-0.00130289	1.28446
-0.00133078	1.29582
-0.00135867	1.30683
-0.00138656	1.31746
-0.001395	1.32054
)

((xy/key/label "line_x_0.067000_y0_z+")
0.001395	0.962756
0.00138656	0.952618
0.00135867	0.918794
0.00133078	0.884711
0.00130289	0.850434
0.001275	0.816005
0.00124989	0.784922
0.00122954	0.759703
0.00121283	0.739041
0.00119894	0.721931
0.00117327	0.690374
0.0011476	0.658822
0.00112193	0.627316
0.00109626	0.595882
0.0010706	0.564539
0.00104493	0.533308
0.00101926	0.502204
0.000993588	0.471243
0.000967919	0.44044
0.00094225	0.409807
0.000916581	0.379358
0.000890912	0.349104
0.000865243	0.319057
0.000839574	0.289226
0.000813904	0.259622
0.000788235	0.230254
0.000762566	0.20113
0.000736897	0.17226
0.000711228	0.143651
0.000685559	0.115311
0.00065989	0.0872443
0.000634221	0.0594596
0.000608551	0.0319657
0.000582882	0.00479442
0.00056266	-0.0163921
0.000542438	-0.0374543
0.000522216	-0.0583372
0.000501994	-0.0790326
0.000481771	-0.0995373
0.000461549	-0.119849
0.000441327	-0.139967
0.000421105	-0.159887
0.000400882	-0.179609
0.00038066	-0.199131
0.000360438	-0.218449
0.000340216	-0.237555
0.000319994	-0.256438
0.000299771	-0.275055
0.000279549	-0.293526
0.000250672	-0.319243
0.000242632	-0.325639
0.00022345	-0.34312
0.000207991	-0.355501
0.000196352	-0.36649
0.00017236	-0.386264
0.000168229	-0.390422
0.000138284	-0.415468
0.000133828	-0.417301
0.000106132	-0.441298
9.17561e-05	-0.444871
7.20153e-05	-0.464508
4.6727e-05	-0.458918
3.64255e-05	-0.438549
-1.64825e-13	0.0170975
)

((xy/key/label "line_x_0.070000_y0_z-")
-1.77048e-13	0.0162342
-3.91266e-05	0.502879
-5.0192e-05	0.534213
-7.73555e-05	0.579107
-9.85601e-05	0.588031
-0.000114002	0.606943
-0.000143751	0.624897
-0.000148538	0.630035
-0.000180703	0.651453
-0.000185141	0.65358
-0.000210912	0.671551
-0.000223414	0.678498
-0.000240019	0.690463
-0.000260624	0.702845
-0.00026926	0.709084
-0.000300279	0.728487
-0.000321994	0.741712
-0.00034371	0.754993
-0.000365425	0.768203
-0.000387141	0.781314
-0.000408856	0.794321
-0.000430572	0.807218
-0.000452287	0.820007
-0.000474003	0.832686
-0.000495719	0.845254
-0.000517434	0.857713
-0.00053915	0.870062
-0.000560865	0.882302
-0.000582581	0.894429
-0.000604296	0.906439
-0.000626012	0.918314
-0.000653582	0.933229
-0.000681153	0.948
-0.000708723	0.962593
-0.000736294	0.977009
-0.000763865	0.991248
-0.000791435	1.00532
-0.000819006	1.01921
-0.000846576	1.03294
-0.000874147	1.0465
-0.000901718	1.05989
-0.000929288	1.07312
-0.000956859	1.08619
-0.000984429	1.09909
-0.001012	1.11182
-0.00103957	1.12439
-0.00106714	1.1368
-0.00109471	1.14903
-0.00112228	1.16108
-0.00114985	1.17296
-0.00117742	1.18466
-0.00120499	1.19617
-0.00123256	1.20748
-0.00126013	1.21858
-0.00128771	1.22948
-0.00130393	1.23582
-0.00132286	1.24314
-0.00134528	1.25169
-0.00137227	1.26176
-0.001395	1.26999
)

((xy/key/label "line_x_0.070000_y0_z+")
0.001395	0.730871
0.00137227	0.707837
0.00134528	0.680377
0.00132286	0.657512
0.00130393	0.638227
0.00128771	0.62174
0.00126013	0.593749
0.00123256	0.56573
0.00120499	0.537716
0.00117742	0.509728
0.00114985	0.481784
0.00112228	0.453899
0.00109471	0.426086
0.00106714	0.398361
0.00103957	0.370735
0.001012	0.34322
0.000984429	0.315828
0.000956859	0.288568
0.000929288	0.261451
0.000901718	0.234485
0.000874147	0.207681
0.000846576	0.181045
0.000819006	0.154587
0.000791435	0.128312
0.000763865	0.102229
0.000736294	0.0763437
0.000708723	0.0506636
0.000681153	0.0251945
0.000653582	-5.4704e-05
0.000626012	-0.0250552
0.000604296	-0.0445778
0.000582581	-0.0640159
0.000560865	-0.0833187
0.00053915	-0.102479
0.000517434	-0.121492
0.000495719	-0.140357
0.000474003	-0.159071
0.000452287	-0.177632
0.000430572	-0.196038
0.000408856	-0.214287
0.000387141	-0.232374
0.000365425	-0.25029
0.00034371	-0.268021
0.000321994	-0.285523
0.000300279	-0.302908
0.00026926	-0.327232
0.000260624	-0.333224
0.000240019	-0.349862
0.000223414	-0.361508
0.000210912	-0.372046
0.000185141	-0.390762
0.000180703	-0.394792
0.000148538	-0.418691
0.000143751	-0.420306
0.000114002	-0.443517
9.85601e-05	-0.446381
7.73555e-05	-0.465941
5.0192e-05	-0.459081
3.91266e-05	-0.439368
-1.77048e-13	0.0162342
)

((xy/key/label "line_x_0.073000_y0_z-")
-1.8927e-13	0.0153453
-4.18276e-05	0.505864
-5.36569e-05	0.536422
-8.26957e-05	0.581436
-0.000105364	0.589263
-0.000121872	0.608125
-0.000153675	0.625193
-0.000158793	0.630301
-0.000193178	0.650985
-0.000197922	0.652976
-0.000225472	0.670446
-0.000238837	0.677082
-0.000256589	0.688768
-0.000278616	0.700718
-0.000287848	0.706824
-0.000321008	0.725653
-0.000344217	0.738464
-0.000367426	0.751354
-0.000390635	0.76419
-0.000413843	0.776944
-0.000437052	0.789601
-0.000460261	0.802157
-0.00048347	0.81461
-0.000506679	0.826958
-0.000529888	0.839201
-0.000553097	0.851339
-0.000576306	0.863372
-0.000599515	0.8753
-0.000622723	0.887119
-0.000645932	0.898826
-0.000669141	0.910405
-0.000698613	0.924948
-0.000728085	0.939346
-0.000757557	0.953565
-0.000787029	0.967605
-0.000816501	0.981465
-0.000845973	0.995146
-0.000875445	1.00865
-0.000904917	1.02198
-0.00093439	1.03513
-0.000963862	1.0481
-0.000993334	1.06089
-0.00102281	1.0735
-0.00105228	1.08593
-0.00108175	1.09818
-0.00111122	1.11024
-0.00114069	1.1221
-0.00117017	1.13377
-0.00119964	1.14524
-0.00122911	1.1565
-0.00125858	1.16755
-0.00128805	1.17837
-0.00131753	1.18897
-0.001347	1.19932
-0.00137647	1.20944
-0.001395	1.21569
)

((xy/key/label "line_x_0.073000_y0_z+")
0.001395	0.551734
0.00137647	0.535722
0.001347	0.510259
0.00131753	0.484757
0.00128805	0.459246
0.00125858	0.433743
0.00122911	0.408262
0.00119964	0.382818
0.00117017	0.35742
0.00114069	0.332081
0.00111122	0.306811
0.00108175	0.28162
0.00105228	0.256519
0.00102281	0.231518
0.000993334	0.206624
0.000963862	0.181847
0.000934389	0.157194
0.000904917	0.132673
0.000875445	0.108289
0.000845973	0.0840504
0.000816501	0.0599625
0.000787029	0.0360314
0.000757557	0.0122624
0.000728085	-0.0113384
0.000698613	-0.0347624
0.000669141	-0.0579836
0.000645932	-0.0761326
0.000622723	-0.0942216
0.000599515	-0.112202
0.000576306	-0.130069
0.000553097	-0.147816
0.000529888	-0.165442
0.000506679	-0.182946
0.00048347	-0.200324
0.000460261	-0.217576
0.000437052	-0.234697
0.000413844	-0.251685
0.000390635	-0.268528
0.000367426	-0.28521
0.000344217	-0.301688
0.000321008	-0.318072
0.000287848	-0.341079
0.000278616	-0.346673
0.000256589	-0.362509
0.000238837	-0.37342
0.000225472	-0.383531
0.000197922	-0.40118
0.000193178	-0.405091
0.000158793	-0.427823
0.000153675	-0.429187
0.000121872	-0.4516
0.000105364	-0.453605
8.26957e-05	-0.473143
5.36569e-05	-0.464587
4.18276e-05	-0.445309
-1.8927e-13	0.0153453
)

((xy/key/label "line_x_0.076000_y0_z-")
-2.01492e-13	0.0144238
-4.45287e-05	0.509025
-5.71219e-05	0.538643
-8.80358e-05	0.583716
-0.000112168	0.590219
-0.000129742	0.608967
-0.000163599	0.624897
-0.000169047	0.629946
-0.000205653	0.64963
-0.000210703	0.65144
-0.000240032	0.668195
-0.000254261	0.674399
-0.000273158	0.685659
-0.000296608	0.696972
-0.000306436	0.702864
-0.000341737	0.720804
-0.00036644	0.732991
-0.000391142	0.74527
-0.000415844	0.757502
-0.000440546	0.769654
-0.000465248	0.781713
-0.000489951	0.793675
-0.000514653	0.805534
-0.000539355	0.817291
-0.000564057	0.828943
-0.000588759	0.840491
-0.000613462	0.851934
-0.000638164	0.86327
-0.000662866	0.874496
-0.000687568	0.885608
-0.00071227	0.896594
-0.000743644	0.910383
-0.000775018	0.924016
-0.000806391	0.937463
-0.000837765	0.950722
-0.000869138	0.963793
-0.000900512	0.976674
-0.000931885	0.989365
-0.000963259	1.00187
-0.000994632	1.01418
-0.00102601	1.02629
-0.00105738	1.03821
-0.00108875	1.04994
-0.00112013	1.06146
-0.0011515	1.07277
-0.00118287	1.08388
-0.00121425	1.09478
-0.00124562	1.10546
-0.00127699	1.11591
-0.00130837	1.12614
-0.00133974	1.13612
-0.00137111	1.14587
-0.001395	1.15309
)

((xy/key/label "line_x_0.076000_y0_z+")
0.001395	0.409575
0.00137111	0.391563
0.00133974	0.367908
0.00130837	0.34427
0.00127699	0.320659
0.00124562	0.297088
0.00121425	0.273566
0.00118287	0.250102
0.0011515	0.226706
0.00112013	0.203385
0.00108875	0.180148
0.00105738	0.157001
0.00102601	0.133953
0.000994632	0.111009
0.000963259	0.0881775
0.000931885	0.0654634
0.000900512	0.0428723
0.000869138	0.0204088
0.000837765	-0.00192129
0.000806391	-0.0241119
0.000775018	-0.0461574
0.000743644	-0.0680499
0.000712271	-0.0897659
0.000687568	-0.106744
0.000662866	-0.123675
0.000638164	-0.140512
0.000613462	-0.157251
0.000588759	-0.173888
0.000564057	-0.190419
0.000539355	-0.206843
0.000514653	-0.223159
0.000489951	-0.239364
0.000465248	-0.255455
0.000440546	-0.271428
0.000415844	-0.287273
0.000391142	-0.302969
0.00036644	-0.318476
0.000341737	-0.333937
0.000306436	-0.355674
0.000296608	-0.360874
0.000273158	-0.37592
0.000254261	-0.386092
0.000240032	-0.395783
0.000210703	-0.412347
0.000205653	-0.416142
0.000169047	-0.437671
0.000163599	-0.438766
0.000129742	-0.46035
0.000112168	-0.461417
8.80358e-05	-0.480954
5.71219e-05	-0.470509
4.45287e-05	-0.45173
-2.01492e-13	0.0144238
)

((xy/key/label "line_x_0.079000_y0_z-")
-2.13714e-13	0.0134462
-4.72298e-05	0.507254
-6.05869e-05	0.535462
-9.3376e-05	0.580195
-0.000118972	0.585146
-0.000137612	0.603599
-0.000173523	0.618103
-0.000179301	0.623038
-0.000218127	0.641412
-0.000223484	0.643
-0.000254593	0.658779
-0.000269684	0.664424
-0.000289728	0.67508
-0.0003146	0.685533
-0.000325025	0.691112
-0.000362467	0.707806
-0.000388662	0.719144
-0.000414858	0.730568
-0.000441054	0.74194
-0.000467249	0.753227
-0.000493445	0.764419
-0.00051964	0.77551
-0.000545836	0.786497
-0.000572031	0.797377
-0.000598227	0.808149
-0.000624422	0.818812
-0.000650618	0.829365
-0.000676813	0.839806
-0.000703009	0.850132
-0.000729204	0.860339
-0.0007554	0.870419
-0.000788675	0.883048
-0.00082195	0.895508
-0.000855225	0.907772
-0.0008885	0.919836
-0.000921775	0.931698
-0.00095505	0.943356
-0.000988325	0.954811
-0.0010216	0.966059
-0.00105487	0.9771
-0.00108815	0.987929
-0.00112142	0.998546
-0.0011547	1.00895
-0.00118797	1.01913
-0.00122125	1.02908
-0.00125452	1.03882
-0.0012878	1.04831
-0.00132107	1.05758
-0.00135435	1.0666
-0.00138762	1.07537
-0.001395	1.07726
)

((xy/key/label "line_x_0.079000_y0_z+")
0.001395	0.295143
0.00138762	0.290222
0.00135435	0.268051
0.00132107	0.245923
0.0012878	0.223845
0.00125452	0.201826
0.00122125	0.179874
0.00118797	0.157995
0.0011547	0.136197
0.00112142	0.114486
0.00108815	0.0928697
0.00105487	0.0713532
0.0010216	0.0499423
0.000988325	0.0286422
0.00095505	0.00745805
0.000921775	-0.0136047
0.0008885	-0.0345413
0.000855225	-0.0553467
0.00082195	-0.0760158
0.000788675	-0.0965414
0.0007554	-0.116902
0.000729205	-0.132819
0.000703009	-0.148693
0.000676813	-0.164479
0.000650618	-0.180173
0.000624422	-0.19577
0.000598227	-0.211268
0.000572031	-0.226667
0.000545836	-0.241963
0.00051964	-0.257155
0.000493445	-0.272241
0.000467249	-0.287214
0.000441054	-0.302065
0.000414858	-0.316775
0.000388662	-0.331302
0.000362467	-0.345812
0.000325025	-0.366208
0.0003146	-0.370999
0.000289728	-0.385193
0.000269684	-0.394581
0.000254592	-0.403805
0.000223484	-0.419194
0.000218127	-0.422852
0.000179301	-0.443043
0.000173523	-0.443856
0.000137612	-0.464468
0.000118972	-0.464559
9.3376e-05	-0.484004
6.05869e-05	-0.471673
4.72298e-05	-0.45371
-2.13714e-13	0.0134462
)

((xy/key/label "line_x_0.082000_y0_z-")
-2.25937e-13	0.0123939
-4.99308e-05	0.495905
-6.40518e-05	0.521964
-9.87162e-05	0.565616
-0.000125776	0.568774
-0.000145482	0.58662
-0.000183446	0.599335
-0.000189555	0.60407
-0.000230602	0.620726
-0.000236265	0.622042
-0.000269153	0.636505
-0.000285107	0.641439
-0.000306297	0.651255
-0.000332592	0.660575
-0.000343613	0.665711
-0.000383196	0.680727
-0.000410885	0.690936
-0.000438574	0.701212
-0.000466263	0.71142
-0.000493952	0.721534
-0.000521641	0.731546
-0.00054933	0.741452
-0.000577018	0.751247
-0.000604707	0.760931
-0.000632396	0.770502
-0.000660085	0.779959
-0.000687774	0.789302
-0.000715463	0.798528
-0.000743152	0.807635
-0.000770841	0.816617
-0.000798529	0.825472
-0.000833706	0.836541
-0.000868882	0.847432
-0.000904059	0.858123
-0.000939235	0.868609
-0.000974412	0.878891
-0.00100959	0.888966
-0.00104476	0.898834
-0.00107994	0.908494
-0.00111512	0.917943
-0.00115029	0.927181
-0.00118547	0.936205
-0.00122065	0.945013
-0.00125582	0.953601
-0.001291	0.961967
-0.00132618	0.970107
-0.00136135	0.978016
-0.001395	0.985356
)

((xy/key/label "line_x_0.082000_y0_z+")
0.001395	0.203339
0.00136135	0.183388
0.00132618	0.1626
0.001291	0.141889
0.00125582	0.121263
0.00122065	0.100726
0.00118547	0.0802848
0.00115029	0.0599458
0.00111512	0.0397141
0.00107994	0.0195951
0.00104476	-0.000406133
0.00100959	-0.0202846
0.000974412	-0.0400353
0.000939235	-0.0596538
0.000904059	-0.0791356
0.000868882	-0.0984758
0.000833706	-0.117668
0.000798529	-0.136693
0.000770841	-0.151553
0.000743152	-0.166365
0.000715463	-0.181087
0.000687774	-0.195713
0.000660085	-0.210241
0.000632396	-0.22467
0.000604707	-0.238997
0.000577018	-0.253221
0.00054933	-0.267338
0.000521641	-0.281346
0.000493952	-0.295243
0.000466263	-0.309017
0.000438574	-0.322654
0.000410885	-0.336113
0.000383196	-0.34955
0.000343613	-0.36842
0.000332592	-0.372763
0.000306297	-0.385971
0.000285107	-0.394489
0.000269153	-0.403148
0.000236265	-0.417201
0.000230602	-0.42068
0.000189555	-0.439296
0.000183446	-0.43982
0.000145482	-0.459205
0.000125776	-0.458318
9.87162e-05	-0.477459
6.40518e-05	-0.463418
4.99308e-05	-0.446798
-2.25937e-13	0.0123939
)

((xy/key/label "line_x_0.085000_y0_z-")
-0.00124952	0.852603
-0.00121244	0.845269
-0.00117536	0.837743
-0.00113828	0.830026
-0.0011012	0.822116
-0.00106413	0.814011
-0.00102705	0.805709
-0.000989971	0.797211
-0.000952893	0.788515
-0.000915815	0.779621
-0.000878737	0.770531
-0.000841659	0.761264
-0.000812477	0.753828
-0.000783294	0.746267
-0.000754112	0.738581
-0.00072493	0.730772
-0.000695748	0.722845
-0.000666566	0.7148
-0.000637383	0.706639
-0.000608201	0.698364
-0.000579019	0.689973
-0.000549837	0.681469
-0.000520655	0.672853
-0.000491472	0.664128
-0.00046229	0.655301
-0.000433108	0.646389
-0.000403926	0.637519
-0.000362201	0.624502
-0.000350584	0.619909
-0.000322867	0.611922
-0.00030053	0.603132
-0.000283713	0.599018
-0.000249046	0.586139
-0.000243077	0.585125
-0.00019981	0.570506
-0.00019337	0.566061
-0.000153352	0.555406
-0.00013258	0.538498
-0.000104056	0.537273
-6.75168e-05	0.495561
-5.26319e-05	0.472472
-2.38159e-13	0.0112916
-0.00128659	0.859742
-0.00132367	0.86668
-0.00136075	0.87341
-0.001395	0.879427
-0.00124952	0.852603
-0.00128659	0.859742
)

((xy/key/label "line_x_0.085000_y0_z+")
-2.38159e-13	0.0112916
5.26319e-05	-0.428367
6.75168e-05	-0.443033
0.000104056	-0.4584
0.00013258	-0.439821
0.000153352	-0.441617
0.00019337	-0.42372
0.00019981	-0.423479
0.000243077	-0.40667
0.000249046	-0.403417
0.000283713	-0.390858
0.00030053	-0.382874
0.000322867	-0.375311
0.000350584	-0.36324
0.000362201	-0.359386
0.000403926	-0.342242
0.000433108	-0.330007
0.00046229	-0.317733
0.000491472	-0.305286
0.000520655	-0.292699
0.000549837	-0.279987
0.000579019	-0.267157
0.000608201	-0.254212
0.000637383	-0.241156
0.000666566	-0.227989
0.000695748	-0.214713
0.00072493	-0.201328
0.000754112	-0.187837
0.000783294	-0.174243
0.000812477	-0.16055
0.000841659	-0.146797
0.000878737	-0.129165
0.000915815	-0.111354
0.000952893	-0.093381
0.000989971	-0.0752518
0.00102705	-0.0569707
0.00106413	-0.0385416
0.0011012	-0.0199688
0.00113828	-0.00125668
0.00117536	0.0175901
0.00121244	0.0365668
0.00124952	0.0556684
0.00128659	0.0748899
0.00132367	0.0942257
0.00136075	0.11367
0.001395	0.131727
)

((xy/key/label "line_x_0.088000_y0_z-")
-0.001395	0.767573
-0.00139152	0.767172
-0.00135254	0.762426
-0.00131356	0.757417
-0.00127458	0.752143
-0.0012356	0.7466
-0.00119662	0.740788
-0.00115764	0.734711
-0.00111866	0.728373
-0.00107969	0.721782
-0.00104071	0.714942
-0.00100173	0.70786
-0.000962747	0.700547
-0.000923768	0.693022
-0.000884788	0.685322
-0.000854113	0.679132
-0.000823437	0.672834
-0.000792762	0.666427
-0.000762086	0.659913
-0.000731411	0.653292
-0.000700735	0.646564
-0.00067006	0.639728
-0.000639384	0.632784
-0.000608708	0.625733
-0.000578033	0.618574
-0.000547357	0.611307
-0.000516682	0.603935
-0.000486006	0.59646
-0.000455331	0.588894
-0.000424655	0.581354
-0.000380789	0.570325
-0.000368576	0.566288
-0.000339436	0.559624
-0.000315954	0.551892
-0.000298273	0.548582
-0.000261827	0.537328
-0.000255551	0.536605
-0.000210064	0.524061
-0.000203294	0.519959
-0.000161222	0.511363
-0.000139384	0.49563
-0.000109396	0.496239
-7.09817e-05	0.457177
-5.5333e-05	0.437672
-2.50381e-13	0.010194
)

((xy/key/label "line_x_0.088000_y0_z+")
-2.50381e-13	0.010194
5.5333e-05	-0.398686
7.09817e-05	-0.410882
0.000109396	-0.426981
0.000139384	-0.409172
0.000161222	-0.411708
0.000203294	-0.395432
0.000210064	-0.395439
0.000255551	-0.380529
0.000261827	-0.377534
0.000298273	-0.366523
0.000315953	-0.359278
0.000339436	-0.352691
0.000368576	-0.341842
0.000380789	-0.338486
0.000424655	-0.323164
0.000455331	-0.312177
0.000486006	-0.301157
0.000516682	-0.289968
0.000547357	-0.278639
0.000578033	-0.267181
0.000608708	-0.255599
0.000639384	-0.243895
0.00067006	-0.23207
0.000700735	-0.220126
0.000731411	-0.208064
0.000762086	-0.195885
0.000792762	-0.183591
0.000823437	-0.171183
0.000854113	-0.158666
0.000884788	-0.146076
0.000923768	-0.129905
0.000962747	-0.11354
0.00100173	-0.0969961
0.00104071	-0.0802769
0.00107969	-0.0633864
0.00111866	-0.0463278
0.00115764	-0.0291047
0.00119662	-0.0117209
0.0012356	0.00581965
0.00127458	0.0235128
0.00131356	0.0413541
0.00135254	0.0593391
0.00139152	0.0774628
0.001395	0.0790928
)

((xy/key/label "line_x_0.091000_y0_z-")
-0.000146188	0.444001
-0.000169092	0.458434
-0.000702736	0.566226
-0.000734904	0.57182
-0.000767073	0.577257
-0.000799242	0.582534
-0.000831411	0.587646
-0.00086358	0.592584
-0.000895749	0.597345
-0.000927918	0.601931
-0.000968798	0.607509
-0.00100968	0.61283
-0.00105056	0.617885
-0.00109144	0.622674
-0.0011732	0.631469
-0.00121408	0.635482
-0.00125496	0.639246
-0.00129585	0.642764
-0.00133673	0.646042
-0.00137761	0.649085
-0.001395	0.650283
-0.000702736	0.566226
-0.000670567	0.560485
-0.000638398	0.554616
-0.000606229	0.548634
-0.00057406	0.542549
-0.000541891	0.536369
-0.000509722	0.530092
-0.000477554	0.523723
-0.000445385	0.51737
-0.000399377	0.508122
-0.000386568	0.504605
-0.000356006	0.499115
-0.000331377	0.492373
-0.000312833	0.489768
-0.000274608	0.480024
-0.000268026	0.479547
-0.000220318	0.468914
-0.000213218	0.465176
-0.000169092	0.458434
-0.000114737	0.446166
-0.000146188	0.444001
-7.44467e-05	0.410212
-5.8034e-05	0.394578
-2.62604e-13	0.00914168
-0.00113232	0.6272
-0.0011732	0.631469
-0.00109144	0.622674
)

((xy/key/label "line_x_0.091000_y0_z+")
5.8034e-05	-0.360439
7.44467e-05	-0.369845
0.000114737	-0.386016
0.000146188	-0.369102
0.000169092	-0.37214
0.000213218	-0.357471
0.000220318	-0.35767
0.000268026	-0.344585
0.000274608	-0.341858
0.000312833	-0.332318
0.000331377	-0.325814
0.000356006	-0.320148
0.000386568	-0.310503
0.000399377	-0.307616
0.000445385	-0.29407
0.000477554	-0.284311
0.000509722	-0.274525
0.000541891	-0.264578
0.00057406	-0.254493
0.000606229	-0.244277
0.000638398	-0.233933
0.000670567	-0.223462
0.000702736	-0.212866
0.000734904	-0.202145
0.000767073	-0.1913
0.000799242	-0.180332
0.000831411	-0.169241
0.00086358	-0.158029
0.000895749	-0.1467
0.000927918	-0.135285
0.000968798	-0.120597
0.00100968	-0.105702
0.00105056	-0.0906119
0.00109144	-0.0753312
0.00113232	-0.0598617
0.0011732	-0.0442058
0.00121408	-0.0283659
0.00125496	-0.0123449
0.00129585	0.00385437
0.00133673	0.0202287
0.00137761	0.0367747
-2.62604e-13	0.00914168
5.8034e-05	-0.360439
0.00137761	0.0367747
0.001395	0.0438858
)

((xy/key/label "line_x_0.094000_y0_z-")
-2.74826e-13	0.00816336
-6.07351e-05	0.346823
-7.79117e-05	0.358574
-0.000120077	0.39119
-0.000152992	0.387792
-0.000176962	0.400881
-0.000223141	0.40603
-0.000230572	0.409399
-0.000280501	0.418333
-0.000287389	0.418609
-0.000327393	0.426969
-0.0003468	0.42897
-0.000372575	0.434771
-0.00040456	0.43921
-0.000417965	0.442216
-0.000466114	0.449786
-0.000499776	0.454914
-0.000533439	0.459998
-0.000567101	0.464928
-0.000600763	0.469687
-0.000634425	0.47428
-0.000668087	0.478712
-0.000701749	0.482982
-0.000735412	0.487083
-0.000769074	0.491016
-0.000802736	0.494781
-0.000836398	0.498377
-0.00087006	0.501806
-0.000903723	0.505065
-0.000937385	0.508153
-0.000971047	0.51108
-0.00101383	0.514578
-0.00105661	0.517859
-0.00109939	0.520916
-0.00114218	0.52375
-0.00118496	0.526366
-0.00122774	0.528768
-0.00127052	0.530961
-0.00131331	0.53295
-0.00135609	0.534741
-0.001395	0.536195
)

((xy/key/label "line_x_0.094000_y0_z+")
6.07351e-05	-0.317077
7.79117e-05	-0.323577
0.000120077	-0.339252
0.000152992	-0.323293
0.000176962	-0.326603
0.000223141	-0.313439
0.000230572	-0.31377
0.000280501	-0.302346
0.000287389	-0.299879
0.000327393	-0.291662
0.0003468	-0.285859
0.000372575	-0.281011
0.00040456	-0.272486
0.000417965	-0.270013
0.000466114	-0.258099
0.000499776	-0.249486
-2.74826e-13	0.00816336
6.07351e-05	-0.317077
0.00040456	-0.272486
0.000417965	-0.270013
0.000499776	-0.249486
0.000533439	-0.240848
0.000567101	-0.232061
0.000600763	-0.223138
0.000634425	-0.214084
0.000668087	-0.204903
0.00070175	-0.195594
0.000735412	-0.186159
0.000769074	-0.176598
0.000802736	-0.16691
0.000836398	-0.157096
0.00087006	-0.147157
0.000903723	-0.137092
0.000937385	-0.126906
0.000971047	-0.116626
0.00101383	-0.103373
0.00105661	-0.0899072
0.00109939	-0.0762377
0.00114218	-0.0623669
0.00118496	-0.0482958
0.00122774	-0.0340255
0.00127052	-0.0195573
0.00131331	-0.00489252
0.00135609	0.00996701
0.001395	0.0236578
)

((xy/key/label "line_x_0.097000_y0_z-")
-0.001395	0.433428
-0.00137165	0.43305
-0.00132696	0.432177
-0.00128228	0.431147
-0.0012376	0.429955
-0.00119291	0.428596
-0.00114823	0.427068
-0.00110354	0.425368
-0.00105886	0.423491
-0.00101418	0.421448
-0.000979021	0.419697
-0.000943865	0.41781
-0.00090871	0.415777
-0.000873554	0.413601
-0.000838399	0.411282
-0.000803243	0.408819
-0.000768088	0.406213
-0.000732932	0.403462
-0.000697777	0.400564
-0.000662621	0.397522
-0.000627466	0.394339
-0.00059231	0.391016
-0.000557155	0.387549
-0.000521999	0.383924
-0.000486844	0.380231
-0.000436553	0.374699
-0.000422552	0.372303
-0.000389145	0.369118
-0.000362223	0.364437
-0.000341953	0.363121
-0.000300171	0.35636
-0.000292975	0.356286
-0.000240826	0.34916
-0.000233065	0.346197
-0.000184832	0.342546
-0.000159796	0.330875
-0.000125417	0.335238
-8.13766e-05	0.306053
-6.34361e-05	0.297976
-2.87048e-13	0.00728956
)

((xy/key/label "line_x_0.097000_y0_z+")
-2.87048e-13	0.00728956
6.34361e-05	-0.27207
8.13766e-05	-0.275753
0.000125417	-0.2905
0.000159796	-0.275502
0.000184832	-0.278879
0.000233065	-0.26706
0.000240826	-0.267467
0.000292975	-0.257483
0.000300171	-0.255259
0.000341953	-0.248175
0.000362223	-0.243006
0.000389145	-0.238849
0.000422552	-0.231317
0.000436553	-0.229193
0.000486844	-0.218708
0.000521999	-0.211117
0.000557155	-0.203505
0.00059231	-0.195752
0.000627466	-0.187866
0.000662621	-0.179854
0.000697777	-0.171717
0.000732932	-0.163455
0.000768088	-0.155068
0.000803243	-0.146557
0.000838399	-0.137921
0.000873554	-0.129159
0.00090871	-0.120272
0.000943865	-0.11126
0.000979021	-0.102126
0.00101418	-0.0928955
0.00105886	-0.080974
0.00110354	-0.0688398
0.00114823	-0.0564999
0.00119291	-0.0439551
0.0012376	-0.0312054
0.00128228	-0.0182505
0.00132696	-0.00509042
0.00137165	0.00827453
0.001395	0.0153664
)
