(title "Tangential Velocity")
(labels "Position" "Tangential Velocity")

((xy/key/label "line_x_0.025000_y-_z0")
-1.93768e-14	-0.000608341
-3.32267e-05	-0.000523776
-4.26236e-05	0.000999385
-6.56912e-05	0.000859126
-8.36983e-05	0.00218717
-9.68117e-05	0.00205609
-0.000122075	0.00332489
-0.000126141	0.00333791
-0.000153455	0.00392533
-0.000157224	0.0043204
-0.000179109	0.00325722
-0.000189726	0.00540744
-0.000203827	0.0064439
-0.000221325	0.00702204
-0.000228659	0.0130503
-0.000255	0.00839795
-0.000275	0.00466755
-0.000296909	-0.00206135
-0.000319379	-0.0121941
-0.000340923	-0.0250387
-0.000360285	-0.0381092
-0.0003767	-0.0497455
-0.00038994	-0.0636769
-0.000400199	-0.0700558
-0.000407903	-0.0634914
-0.000413553	-0.0615552
-0.000417625	-0.0648578
-0.000420523	-0.0690944
-0.000422567	-0.0827729
-0.000424	-0.0968151
-0.000425	0
-0.000426	0
-0.0004273	0
-0.00042899	0
-0.000431187	0
-0.000434043	0
-0.000437756	0
-0.000442583	0
-0.000448858	0
-0.000457015	0
-0.00046762	0
-0.000481405	0
-0.000499327	0
-0.000520297	0
-0.000541268	0
-0.000562238	0
-0.000583208	0
-0.000604178	0
-0.000625149	0
-0.000646119	0
-0.000667089	0
-0.000688059	0
-0.00070903	0
-0.00073	0
-0.00075	0
-0.00076	0.0546521
-0.000774478	0.041632
-0.000795314	0.0318404
-0.000825036	0.0230083
-0.000866912	0.0157402
-0.000924889	0.0101097
-0.00100324	0.00590225
-0.00110575	0.00294854
-0.00123432	0.00127321
-0.00138727	0.000173543
-0.001395	0.000142945
)

((xy/key/label "line_x_0.025000_y+_z0")
0.001395	0.000926356
0.00128332	0.00135982
0.00115769	0.00249836
0.00105333	0.00522758
0.000969916	0.0102235
0.000905259	0.0176622
0.000856327	0.0279069
0.000819963	0.0409244
0.000793302	0.0574374
0.000773948	0.0773961
0.00076	0.105324
0.00075	0
0.00073	0
0.00070903	0
0.000688059	0
0.000667089	0
0.000646119	0
0.000625149	0
0.000604178	0
0.000583208	0
0.000562238	0
0.000541268	0
0.000520297	0
0.000499327	0
0.000481405	0
0.00046762	0
0.000457015	0
0.000448858	0
0.000442583	0
0.000437756	0
0.000434043	0
0.000431187	0
0.00042899	0
0.0004273	0
0.000426	0
0.000425	0
0.000424	-0.219199
0.000422567	-0.231156
0.000420523	-0.21553
0.000417625	-0.201877
0.000413553	-0.18626
0.000407903	-0.165185
0.000400199	-0.146693
0.00038994	-0.118546
0.0003767	-0.0947013
0.000360285	-0.0670458
0.000340923	-0.04166
0.000319379	-0.0225053
0.000296909	-0.00832704
0.000275	0.000881979
0.000255	0.00606901
0.000228659	0.0118
0.000221325	0.00560818
0.000203827	0.00590389
0.000189726	0.00481851
0.000179109	0.00305251
0.000157224	0.00417416
0.000153455	0.00388898
0.000126141	0.00319594
0.000122075	0.00314263
9.68117e-05	0.00243563
8.36983e-05	0.00223615
6.56912e-05	0.00196907
4.26236e-05	0.000985105
3.32267e-05	0.0010334
-1.93768e-14	-0.000608341
)

((xy/key/label "line_x_0.028000_y-_z0")
3.04031e-14	0.00309288
-2.84018e-05	0.0572454
-3.51191e-05	0.0725037
-5.65262e-05	0.0804679
-7.01667e-05	0.0727175
-8.42099e-05	0.0266725
-0.000105122	-0.0254394
-0.00011139	-0.0363086
-0.000138108	-0.0550776
-0.000140028	-0.0556569
-0.000164639	-0.0450331
-0.000174964	-0.0318003
-0.000191189	-0.0184169
-0.000209973	-0.011608
-0.000217923	-0.0036074
-0.000245	0.00134284
-0.000262733	0.00319828
-0.000280467	0.00146714
-0.0002982	-0.000172812
-0.000315933	-7.61126e-05
-0.000333667	-0.000152924
-0.0003514	0.0116204
-0.000369133	0.0261009
-0.000386867	0.0317516
-0.0004046	0.0361173
-0.000422333	0.0355776
-0.000440067	0.0350916
-0.0004578	0.0338973
-0.000475533	0.0321213
-0.000493267	0.0297991
-0.000511	0.0272097
-0.0005335	0.0251437
-0.000556	0.0230894
-0.0005785	0.0212621
-0.000601	0.0193836
-0.0006235	0.0172497
-0.000646	0.0147525
-0.0006685	0.0140203
-0.000691	0.0143917
-0.0007135	0.015117
-0.000736	0.0151071
-0.0007585	0.014159
-0.000781	0.0120005
-0.0008035	0.00682376
-0.000826	0.00234627
-0.0008485	0.000104501
-0.000871	-0.0012103
-0.0008935	-0.00241209
-0.000916	-0.00317684
-0.0009385	-0.00372509
-0.000961	-0.00407793
-0.0009835	-0.00426969
-0.001006	-0.00428338
-0.0010285	-0.00399797
-0.001051	-0.00299444
-0.001061	-0.00307996
-0.001074	-0.0032262
-0.0010909	-0.00338045
-0.00111287	-0.00353483
-0.00113781	-0.00362497
-0.00116276	-0.00361012
-0.0011877	-0.00348571
-0.00121265	-0.00325161
-0.00123759	-0.00290191
-0.00126253	-0.00242725
-0.00128748	-0.00181133
-0.00131242	-0.00102367
-0.00133737	-2.94424e-05
-0.00136231	0.00118902
-0.00138725	0.00267752
-0.001395	0.00325537
)

((xy/key/label "line_x_0.028000_y+_z0")
0.001395	-0.00831782
0.00138725	-0.00813601
0.00136231	-0.00772501
0.00133737	-0.00746843
0.00131242	-0.0073483
0.00128748	-0.00730064
0.00126253	-0.007265
0.00123759	-0.00721844
0.00121265	-0.00715033
0.0011877	-0.00705212
0.00116276	-0.00691545
0.00113781	-0.00672576
0.00111287	-0.00647177
0.0010909	-0.00619583
0.001074	-0.0059541
0.001061	-0.0057371
0.001051	-0.00560769
0.0010285	-0.00645461
0.001006	-0.00661362
0.0009835	-0.006466
0.000961	-0.0061024
0.0009385	-0.00552174
0.000916	-0.00468346
0.0008935	-0.00354852
0.000871	-0.00184489
0.0008485	-0.000129304
0.000826	0.00385856
0.0008035	0.0125941
0.000781	0.0221108
0.0007585	0.0258694
0.000736	0.0270621
0.0007135	0.0254063
0.000691	0.0236228
0.0006685	0.0226471
0.000646	0.0223259
0.0006235	0.0243392
0.000601	0.0274932
0.0005785	0.0300694
0.000556	0.0323135
0.0005335	0.0344199
0.000511	0.0363191
0.000493267	0.038289
0.000475533	0.0399194
0.0004578	0.0417189
0.000440067	0.0427856
0.000422333	0.0433273
0.0004046	0.0443386
0.000386867	0.0384843
0.000369133	0.029546
0.0003514	0.0133971
0.000333667	0.00129212
0.000315933	0.00239501
0.0002982	0.00146261
0.000280467	0.00341675
0.000262733	0.00444942
0.000245	0.00136157
0.000217923	-0.00219732
0.000209973	-0.0105946
0.000191189	-0.0195523
0.000174964	-0.0335115
0.000164639	-0.0468778
0.000140028	-0.0533605
0.000138108	-0.0521003
0.00011139	-0.0269694
0.000105122	-0.0142062
8.42099e-05	0.034792
7.01667e-05	0.0783771
5.65262e-05	0.0815291
3.51191e-05	0.0644085
2.84018e-05	0.0546921
3.04031e-14	0.00309288
)

((xy/key/label "line_x_0.031000_y-_z0")
1.96219e-14	0.00192542
-2.79841e-05	0.0606721
-3.50768e-05	0.0782486
-5.57931e-05	0.0812385
-7.01076e-05	0.0706049
-8.33211e-05	0.0299961
-0.000105079	-0.019308
-0.000110521	-0.0277208
-0.000137418	-0.04927
-0.000140018	-0.0500127
-0.000164188	-0.0480508
-0.000174977	-0.0359797
-0.000190968	-0.0212435
-0.000209983	-0.00866929
-0.000217872	-0.00395276
-0.000245	0.00220097
-0.000262733	0.0075352
-0.000280467	0.0123789
-0.0002982	0.0138698
-0.000315933	0.0150221
-0.000333667	0.0158675
-0.0003514	0.0163553
-0.000369133	0.0165723
-0.000386867	0.0167131
-0.0004046	0.016767
-0.000422333	0.0166619
-0.000440067	0.0164624
-0.0004578	0.0162505
-0.000475533	0.0159589
-0.000493267	0.0157794
-0.000511	0.015531
-0.0005335	0.0152545
-0.000556	0.0149141
-0.0005785	0.0146219
-0.000601	0.0142564
-0.0006235	0.0139003
-0.000646	0.0135454
-0.0006685	0.0132
-0.000691	0.0128486
-0.0007135	0.0124808
-0.000736	0.0120818
-0.0007585	0.0116329
-0.000781	0.0111044
-0.0008035	0.0105135
-0.000826	0.0104758
-0.0008485	0.0108262
-0.000871	0.0111537
-0.0008935	0.011464
-0.000916	0.0115911
-0.0009385	0.0117115
-0.000961	0.0115459
-0.0009835	0.0106849
-0.001006	0.00912858
-0.0010285	0.00815562
-0.001051	0.00740039
-0.001061	0.00722333
-0.001074	0.00725477
-0.0010909	0.00712234
-0.00111287	0.0069371
-0.00113781	0.00677733
-0.00116276	0.00660767
-0.0011877	0.00646022
-0.00121265	0.00633698
-0.00123759	0.00624052
-0.00126253	0.00616667
-0.00128748	0.0061024
-0.00131242	0.00603481
-0.00133737	0.00598542
-0.00136231	0.00605008
-0.00138725	0.0064119
-0.001395	0.00669623
)

((xy/key/label "line_x_0.031000_y+_z0")
0.001395	-0.0165608
0.00138725	-0.0166605
0.00136231	-0.0168391
0.00133737	-0.016981
0.00131242	-0.0171491
0.00128748	-0.0173663
0.00126253	-0.0176295
0.00123759	-0.0179232
0.00121265	-0.0182333
0.0011877	-0.0185448
0.00116276	-0.0188388
0.00113781	-0.0190995
0.00111287	-0.0192836
0.0010909	-0.0195462
0.001074	-0.0197769
0.001061	-0.0201111
0.001051	-0.020457
0.0010285	-0.0203195
0.001006	-0.0182647
0.0009835	-0.0156063
0.000961	-0.0137317
0.0009385	-0.0127801
0.000916	-0.0121832
0.0008935	-0.0116506
0.000871	-0.011154
0.0008485	-0.0105904
0.000826	-0.00941509
0.0008035	-0.0080258
0.000781	-0.00671652
0.0007585	-0.00546012
0.000736	-0.00423374
0.0007135	-0.00304652
0.000691	-0.00188969
0.0006685	-0.000780528
0.000646	0.000265819
0.0006235	0.00125642
0.000601	0.00220168
0.0005785	0.00317335
0.000556	0.004008
0.0005335	0.00485649
0.000511	0.00560606
0.000493267	0.00637389
0.000475533	0.00704224
0.0004578	0.00769316
0.000440067	0.00818239
0.000422333	0.00858769
0.0004046	0.00895906
0.000386867	0.00931365
0.000369133	0.00952849
0.0003514	0.00954376
0.000333667	0.00943133
0.000315933	0.00901861
0.0002982	0.00754521
0.000280467	0.0044437
0.000262733	-3.89506e-05
0.000245	-0.00679333
0.000217872	-0.0116282
0.000209983	-0.0159892
0.000190968	-0.0325887
0.000174977	-0.0461093
0.000164188	-0.0562112
0.000140018	-0.0518277
0.000137418	-0.0498085
0.000110521	-0.0170425
0.000105079	-0.00567749
8.33212e-05	0.0404534
7.01076e-05	0.0757829
5.57931e-05	0.0795712
3.50768e-05	0.0604378
2.79841e-05	0.0501119
1.96219e-14	0.00192542
)

((xy/key/label "line_x_0.034000_y-_z0")
8.84066e-15	0.00203958
-2.75657e-05	0.0978525
-3.50346e-05	0.11923
-5.50544e-05	0.113026
-7.00485e-05	0.0993043
-8.24181e-05	0.0583246
-0.000105035	0.0027142
-0.000109633	-0.00486344
-0.000136709	-0.00410583
-0.000140008	-0.00100084
-0.000163724	0.0256784
-0.000174989	0.0334479
-0.000190743	0.0423355
-0.000209992	0.0484196
-0.00021782	0.0511383
-0.000245	0.0573876
-0.000262733	0.0599208
-0.000280467	0.0621623
-0.0002982	0.0641744
-0.000315933	0.0660065
-0.000333667	0.0677038
-0.0003514	0.069295
-0.000369133	0.0708068
-0.000386867	0.072265
-0.0004046	0.073684
-0.000422333	0.0750743
-0.000440067	0.0764536
-0.0004578	0.0778529
-0.000475533	0.079225
-0.000493267	0.0806032
-0.000511	0.0822254
-0.0005335	0.084332
-0.000556	0.0864582
-0.0005785	0.0887176
-0.000601	0.0910902
-0.0006235	0.093518
-0.000646	0.0960662
-0.0006685	0.0987397
-0.000691	0.1015
-0.0007135	0.104336
-0.000736	0.10726
-0.0007585	0.11025
-0.000781	0.113264
-0.0008035	0.1163
-0.000826	0.119342
-0.0008485	0.122305
-0.000871	0.125065
-0.0008935	0.127659
-0.000916	0.130151
-0.0009385	0.133183
-0.000961	0.136867
-0.0009835	0.140666
-0.001006	0.14405
-0.0010285	0.147368
-0.001051	0.149981
-0.001061	0.151832
-0.001074	0.154496
-0.0010909	0.15866
-0.00111287	0.163729
-0.00113781	0.169118
-0.00116276	0.173957
-0.0011877	0.176548
-0.00121265	0.173595
-0.00123759	0.169905
-0.00126253	0.167133
-0.00128748	0.16491
-0.00131242	0.162555
-0.00133737	0.160406
-0.00136231	0.158814
-0.00138725	0.159648
-0.001395	0.161666
)

((xy/key/label "line_x_0.034000_y+_z0")
0.001395	-0.171517
0.00138725	-0.170453
0.00136231	-0.171949
0.00133737	-0.174737
0.00131242	-0.177484
0.00128748	-0.180259
0.00126253	-0.182878
0.00123759	-0.187222
0.00121265	-0.191484
0.0011877	-0.189555
0.00116276	-0.183851
0.00113781	-0.177325
0.00111287	-0.170482
0.0010909	-0.164535
0.001074	-0.159638
0.001061	-0.155979
0.001051	-0.153049
0.0010285	-0.149249
0.001006	-0.144188
0.0009835	-0.139211
0.000961	-0.134934
0.0009385	-0.13116
0.000916	-0.127384
0.0008935	-0.123484
0.000871	-0.119627
0.0008485	-0.115894
0.000826	-0.112332
0.0008035	-0.108974
0.000781	-0.105839
0.0007585	-0.102847
0.000736	-0.0999754
0.0007135	-0.0972677
0.000691	-0.0947333
0.0006685	-0.0923276
0.000646	-0.0900125
0.0006235	-0.0877927
0.000601	-0.0856692
0.0005785	-0.083665
0.000556	-0.0817419
0.0005335	-0.0798517
0.000511	-0.0781211
0.000493267	-0.0764783
0.000475533	-0.0751715
0.0004578	-0.0738688
0.000440067	-0.0726667
0.000422333	-0.0715377
0.0004046	-0.0705139
0.000386867	-0.0695973
0.000369133	-0.0687847
0.0003514	-0.0680896
0.000333667	-0.0675425
0.000315933	-0.0671807
0.0002982	-0.0669994
0.000280467	-0.0670459
0.000262733	-0.0673303
0.000245	-0.0679088
0.00021782	-0.0706321
0.000209992	-0.0731783
0.000190743	-0.0759354
0.000174989	-0.0851393
0.000163724	-0.0906546
0.000140008	-0.107115
0.000136709	-0.10634
0.000109633	-0.068639
0.000105035	-0.0555075
8.24181e-05	-0.00643008
7.00485e-05	0.0223642
5.50544e-05	0.0270503
3.50346e-05	0.0069809
2.75657e-05	0.00181822
8.84066e-15	0.00203958
)

((xy/key/label "line_x_0.037000_y-_z0")
-8.07385e-21	-0.000853126
-2.72222e-05	0.532914
-3.5e-05	0.610051
-5.44444e-05	0.613966
-7e-05	0.642519
-8.16667e-05	0.640045
-0.000105	0.651662
-0.000108889	0.650816
-0.000136111	0.654226
-0.00014	0.655963
-0.000163333	0.656603
-0.000175	0.659841
-0.000190556	0.660718
-0.00021	0.665313
-0.000217778	0.666452
-0.000245	0.673772
-0.000262733	0.678202
-0.000280467	0.683079
-0.0002982	0.688482
-0.000315933	0.694317
-0.000333667	0.700618
-0.0003514	0.707338
-0.000369133	0.714415
-0.000386867	0.721926
-0.0004046	0.72976
-0.000422333	0.737963
-0.000440067	0.746483
-0.0004578	0.755366
-0.000475533	0.764705
-0.000493267	0.774375
-0.000511	0.785913
-0.0005335	0.799238
-0.000556	0.813115
-0.0005785	0.827553
-0.000601	0.842658
-0.0006235	0.858472
-0.000646	0.874977
-0.0006685	0.891906
-0.000691	0.909209
-0.0007135	0.926763
-0.000736	0.944525
-0.0007585	0.962464
-0.000781	0.980572
-0.0008035	0.999111
-0.000826	1.01819
-0.0008485	1.03794
-0.000871	1.05834
-0.0008935	1.07945
-0.000916	1.10125
-0.0009385	1.12381
-0.000961	1.14722
-0.0009835	1.17166
-0.001006	1.19758
-0.0010285	1.22503
-0.001051	1.24475
-0.001061	1.26016
-0.001074	1.28103
-0.0010909	1.30861
-0.00111287	1.34323
-0.00113781	1.38175
-0.00116276	1.42238
-0.0011877	1.46632
-0.00121265	1.51335
-0.00123759	1.5651
-0.00126253	1.62231
-0.00128748	1.69484
-0.00131242	1.79779
-0.00133737	1.92712
-0.00136231	2.0427
-0.00138725	2.15174
-0.001395	2.18519
)

((xy/key/label "line_x_0.037000_y+_z0")
0.001395	-1.71737
0.00138725	-1.69015
0.00136231	-1.59933
0.00133737	-1.50557
0.00131242	-1.42706
0.00128748	-1.36899
0.00126253	-1.32334
0.00123759	-1.28155
0.00121265	-1.24319
0.0011877	-1.20641
0.00116276	-1.17183
0.00113781	-1.13942
0.00111287	-1.1087
0.0010909	-1.08096
0.001074	-1.05862
0.001061	-1.04153
0.001051	-1.02905
0.0010285	-1.00845
0.001006	-0.982997
0.0009835	-0.960773
0.000961	-0.941356
0.0009385	-0.924237
0.000916	-0.908958
0.0008935	-0.894963
0.000871	-0.882063
0.0008485	-0.870098
0.000826	-0.858896
0.0008035	-0.848039
0.000781	-0.83741
0.0007585	-0.826992
0.000736	-0.816815
0.0007135	-0.806865
0.000691	-0.797145
0.0006685	-0.787634
0.000646	-0.778281
0.0006235	-0.769064
0.000601	-0.759949
0.0005785	-0.750932
0.000556	-0.741915
0.0005335	-0.732907
0.000511	-0.723663
0.000493267	-0.714999
0.000475533	-0.707456
0.0004578	-0.699854
0.000440067	-0.69231
0.000422333	-0.684844
0.0004046	-0.677504
0.000386867	-0.670283
0.000369133	-0.663223
0.0003514	-0.65631
0.000333667	-0.649646
0.000315933	-0.643185
0.0002982	-0.63691
0.000280467	-0.630868
0.000262733	-0.62507
0.000245	-0.61954
0.000217778	-0.610758
0.00021	-0.609134
0.000190556	-0.603063
0.000175	-0.600743
0.000163333	-0.597087
0.00014	-0.595466
0.000136111	-0.594047
0.000108889	-0.593231
0.000105	-0.594674
8.16667e-05	-0.590808
7e-05	-0.597729
5.44444e-05	-0.57932
3.5e-05	-0.587893
2.72222e-05	-0.519014
-8.07385e-21	-0.000853126
)

((xy/key/label "line_x_0.043000_y-_z0")
-0.001395	2.43583
-0.00138725	2.38125
-0.00136231	2.20879
-0.00133737	2.03925
-0.00131242	1.87242
-0.00128748	1.70956
-0.00126253	1.55152
-0.00123759	1.40032
-0.00121265	1.25612
-0.0011877	1.1192
-0.00116276	0.990049
-0.00113781	0.869509
-0.00111287	0.758556
-0.0010909	0.662616
-0.001074	0.589362
-0.001061	0.537456
-0.001051	0.501563
-0.0010285	0.457306
-0.001006	0.394409
-0.0009835	0.331914
-0.000961	0.271703
-0.0009385	0.213854
-0.000916	0.158045
-0.0008935	0.104198
-0.000871	0.0523261
-0.0008485	0.00238748
-0.000826	-0.0456514
-0.0008035	-0.0918021
-0.000781	-0.13611
-0.0007585	-0.178612
-0.000736	-0.219382
-0.0007135	-0.258485
-0.000691	-0.295987
-0.0006685	-0.331989
-0.000646	-0.366564
-0.0006235	-0.399796
-0.000601	-0.431763
-0.0005785	-0.462572
-0.000556	-0.492291
-0.0005335	-0.520623
-0.000511	-0.54814
-0.000511	-0.54814
-0.000493267	-0.574168
-0.000475533	-0.595006
-0.0004578	-0.615347
-0.000440067	-0.635269
-0.000422333	-0.654839
-0.0004046	-0.673868
-0.000386867	-0.692543
-0.000369133	-0.710913
-0.0003514	-0.729034
-0.000333667	-0.746927
-0.000315933	-0.764587
-0.0002982	-0.782003
-0.000280467	-0.799201
-0.000262733	-0.816203
-0.000245	-0.833368
-0.000218116	-0.86163
-0.000210467	-0.867165
-0.000191487	-0.888806
-0.000176282	-0.899669
-0.000164873	-0.914802
-0.000141943	-0.933253
-0.000138101	-0.939647
-0.000111051	-0.96613
-0.000107159	-0.964555
-8.36607e-05	-0.995933
-7.18301e-05	-0.985009
-5.59679e-05	-1.02222
-3.60458e-05	-0.977372
-2.80483e-05	-0.945616
1.37294e-11	0.00306039
)

((xy/key/label "line_x_0.043000_y+_z0")
0.001395	1.91164
0.00138725	1.90571
0.00136231	1.88635
0.00133737	1.86589
0.00131242	1.84641
0.00128748	1.82771
0.00126253	1.8099
0.00123759	1.79309
0.00121265	1.77726
0.0011877	1.76241
0.00116276	1.74833
0.00113781	1.73522
0.00111287	1.72307
0.0010909	1.71222
0.001074	1.70346
0.001061	1.69671
0.001051	1.69173
0.0010285	1.68392
0.001006	1.67495
0.0009835	1.66664
0.000961	1.65857
0.0009385	1.65081
0.000916	1.64324
0.0008935	1.63575
0.000871	1.62836
0.0008485	1.62099
0.000826	1.61352
0.0008035	1.606
0.000781	1.59836
0.0007585	1.59053
0.000736	1.58248
0.0007135	1.57418
0.000691	1.56561
0.0006685	1.55669
0.000646	1.54741
1.37294e-11	0.00306039
2.80483e-05	0.990328
3.60458e-05	1.03448
5.59679e-05	1.11992
7.18301e-05	1.11574
8.36607e-05	1.14983
0.000107159	1.16579
0.000111051	1.17491
0.000138102	1.20062
0.000141943	1.20182
0.000164873	1.22611
0.000176282	1.23294
0.000191487	1.2503
0.000210467	1.26479
0.000218116	1.27382
0.000245	1.29768
0.000262733	1.31193
0.000280467	1.32623
0.0002982	1.34026
0.000315933	1.35397
0.000333667	1.36735
0.0003514	1.38039
0.000369133	1.3931
0.000386867	1.40545
0.0004046	1.41746
0.000422333	1.42911
0.000440067	1.4403
0.0004578	1.45116
0.000475533	1.46168
0.000493267	1.47189
0.000511	1.48268
0.0005335	1.49482
0.000556	1.5063
0.0005785	1.51723
0.000601	1.5277
0.0006235	1.53776
0.000646	1.54741
)

((xy/key/label "line_x_0.046000_y-_z0")
-0.001006	0.673157
-0.0009835	0.623927
-0.000961	0.574749
-0.0009385	0.525683
-0.000916	0.4769
-0.0008935	0.428544
-0.000871	0.380729
-0.0008485	0.33355
-0.000826	0.287067
-0.000826	0.287067
-0.0008035	0.241377
-0.000781	0.196566
-0.0007585	0.152667
-0.000736	0.109738
-0.0007135	0.067815
-0.000691	0.0269188
-0.0006685	-0.012939
-0.000646	-0.0517642
-0.0006235	-0.0895601
-0.000601	-0.126293
-0.0005785	-0.161972
-0.000556	-0.196623
-0.0005335	-0.230275
-0.000511	-0.263233
-0.000493267	-0.292421
-0.000475533	-0.317121
-0.0004578	-0.341264
-0.000440067	-0.364871
-0.000422333	-0.387962
-0.0004046	-0.41054
-0.000386867	-0.432613
-0.000369133	-0.454205
-0.0003514	-0.475338
-0.000333667	-0.496023
-0.000315933	-0.516274
-0.0002982	-0.536096
-0.000280467	-0.555478
-0.000262733	-0.57447
-0.000245	-0.593345
-0.000218366	-0.622376
-0.000210812	-0.628739
-0.000192175	-0.649715
-0.000177231	-0.661861
-0.000166013	-0.675543
-0.000143383	-0.69474
-0.000139576	-0.700109
-0.000112653	-0.725175
-0.000108758	-0.72499
-8.51377e-05	-0.751451
-7.31858e-05	-0.746317
-5.70964e-05	-0.773497
-3.68205e-05	-0.744888
-2.86602e-05	-0.716528
1.15587e-11	0.00644887
-0.001006	0.673157
-0.0010285	0.721334
-0.001051	0.755311
-0.001061	0.782539
-0.001074	0.822003
-0.0010909	0.876407
-0.00111287	0.94401
-0.00113781	1.01744
-0.00116276	1.09239
-0.0011877	1.16869
-0.00121265	1.24622
-0.00123759	1.32497
-0.00126253	1.40436
-0.00128748	1.48411
-0.00131242	1.56425
-0.00133737	1.64522
-0.00136231	1.72713
-0.00138725	1.81006
-0.001395	1.83608
)

((xy/key/label "line_x_0.046000_y+_z0")
1.15587e-11	0.00644887
2.86602e-05	0.760359
3.68205e-05	0.798372
5.70964e-05	0.861302
7.31858e-05	0.861353
8.51377e-05	0.886195
0.000108758	0.899472
0.000112653	0.906047
0.000139576	0.925401
0.000143383	0.926457
0.000166013	0.944085
0.000177231	0.949229
0.000192175	0.96158
0.000210812	0.972059
0.000218366	0.978446
0.000245	0.995493
0.000262733	1.00581
0.000280467	1.01618
0.0002982	1.0264
0.000315933	1.03645
0.000333667	1.04631
0.0003514	1.056
0.000369133	1.06554
0.000386867	1.0749
0.0004046	1.08408
0.000422333	1.09308
0.000440067	1.10191
0.0004578	1.11056
0.000475533	1.11904
0.000493267	1.12737
0.000511	1.13598
0.0005335	1.14613
0.000556	1.15597
0.0005785	1.16552
0.000601	1.17481
0.0006235	1.18381
0.000646	1.19259
0.0006685	1.20119
0.000691	1.20958
0.0007135	1.21778
0.000736	1.2258
0.0007585	1.23364
0.000781	1.24133
0.0008035	1.24886
0.000826	1.25625
0.0008485	1.26349
0.000871	1.27061
0.0008935	1.27762
0.000916	1.28453
0.0009385	1.29136
0.000961	1.29811
0.0009835	1.30484
0.001006	1.31161
0.0010285	1.31851
0.001051	1.32361
0.001061	1.32695
0.001074	1.33185
0.0010909	1.33815
0.00111287	1.34556
0.00113781	1.35328
0.00116276	1.361
0.0011877	1.36867
0.00121265	1.37616
0.00123759	1.38355
0.00126253	1.39077
0.00128748	1.39777
0.00131242	1.4045
0.00133737	1.41111
0.00136231	1.41634
0.00138725	1.42067
0.001395	1.42158
)

((xy/key/label "line_x_0.049000_y-_z0")
-0.001395	1.7173
-0.00138725	1.70063
-0.00136231	1.64652
-0.00133737	1.59225
-0.00131242	1.53795
-0.00128748	1.48374
-0.00126253	1.42962
-0.00123759	1.37552
-0.00121265	1.32143
-0.0011877	1.26709
-0.00116276	1.21228
-0.00113781	1.15748
-0.00111287	1.10282
-0.0010909	1.05146
-0.001074	1.00897
-0.001061	0.97671
-0.001051	0.953135
-0.0010285	0.923599
-0.001006	0.881842
-0.0009835	0.838616
-0.000961	0.79538
-0.0009385	0.752433
-0.000916	0.709882
-0.0008935	0.667769
-0.000871	0.626121
-0.0008485	0.584968
-0.000826	0.544309
-0.0008035	0.503988
-0.000781	0.463897
-0.0007585	0.424087
-0.000736	0.384524
-0.0007135	0.345274
-0.000691	0.306486
-0.0006685	0.268198
-0.000646	0.230452
-0.0006235	0.193275
-0.000601	0.156403
-0.0005785	0.119882
-0.000556	0.0839896
-0.0005335	0.0487387
-0.000511	0.0141324
-0.000493267	-0.0131175
-0.000475533	-0.0393486
-0.0004578	-0.0651339
-0.000440067	-0.0904815
-0.000422333	-0.115405
-0.0004046	-0.139899
-0.000386867	-0.163965
-0.000369133	-0.187608
-0.0003514	-0.210864
-0.000333667	-0.233688
-0.000315933	-0.256065
-0.0002982	-0.277989
-0.000280467	-0.299441
-0.000262733	-0.320378
-0.000245	-0.340922
-0.000218616	-0.371955
-0.000211157	-0.379324
-0.000192863	-0.401028
-0.000178179	-0.415027
-0.000167152	-0.428644
-0.000144822	-0.450201
-0.00014105	-0.455302
-0.000114254	-0.482243
-0.000110358	-0.483385
-8.66148e-05	-0.509868
-7.45414e-05	-0.509987
-5.82249e-05	-0.534333
-3.75952e-05	-0.519915
-2.92721e-05	-0.501674
9.38793e-12	0.0109189
)

((xy/key/label "line_x_0.049000_y+_z0")
9.38793e-12	0.0109189
2.92721e-05	0.554142
3.75952e-05	0.582351
5.82249e-05	0.632678
7.45415e-05	0.636108
8.66148e-05	0.656768
0.000110358	0.67133
0.000114254	0.676883
0.00014105	0.696258
0.000144822	0.697737
0.000167152	0.714732
0.000178179	0.720423
0.000192863	0.731964
0.000211157	0.742655
0.000218616	0.748531
0.000245	0.765185
0.000262733	0.77556
0.000280467	0.785907
0.0002982	0.796086
0.000315933	0.806076
0.000333667	0.815876
0.0003514	0.825489
0.000369133	0.834919
0.000386867	0.844169
0.0004046	0.85325
0.000422333	0.862175
0.000440067	0.870958
0.0004578	0.87959
0.000475533	0.888054
0.000493267	0.896346
0.000511	0.904545
0.0005335	0.914638
0.000556	0.924487
0.0005785	0.934095
0.000601	0.943446
0.0006235	0.952456
0.000646	0.961248
0.0006685	0.969812
0.000691	0.978151
0.0007135	0.986279
0.000736	0.994225
0.0007585	1.002
0.000781	1.0096
0.0008035	1.01704
0.000826	1.02432
0.0008485	1.03146
0.000871	1.03844
0.0008935	1.04529
0.000916	1.05199
0.0009385	1.05857
0.000961	1.06503
0.0009835	1.07137
0.001006	1.07764
0.0010285	1.08381
0.001051	1.0882
0.001061	1.09128
0.001074	1.09574
0.0010909	1.10147
0.00111287	1.10814
0.00113781	1.11498
0.00116276	1.12169
0.0011877	1.12825
0.00121265	1.13454
0.00123759	1.14061
0.00126253	1.14643
0.00128748	1.15213
0.00131242	1.15703
0.00133737	1.16121
0.00136231	1.16469
0.00138725	1.16719
0.001395	1.16755
)

((xy/key/label "line_x_0.052000_y-_z0")
-0.001395	1.69771
-0.00138725	1.68449
-0.00136231	1.64071
-0.00133737	1.59611
-0.00131242	1.55092
-0.00128748	1.5053
-0.00126253	1.45936
-0.00123759	1.41319
-0.00121265	1.36688
-0.0011877	1.32051
-0.00116276	1.2739
-0.00113781	1.22706
-0.00111287	1.18012
-0.0010909	1.13607
-0.001074	1.09887
-0.001061	1.07034
-0.001051	1.04871
-0.0010285	1.02008
-0.001006	0.980097
-0.0009835	0.939693
-0.000961	0.899389
-0.0009385	0.859269
-0.000916	0.819373
-0.0008935	0.779552
-0.000871	0.739953
-0.0008485	0.700667
-0.000826	0.661709
-0.0008035	0.623092
-0.000781	0.584832
-0.0007585	0.54693
-0.000736	0.509152
-0.0007135	0.471679
-0.000691	0.434597
-0.0006685	0.397916
-0.000646	0.361645
-0.0006235	0.325796
-0.000601	0.290377
-0.0005785	0.255396
-0.000556	0.220854
-0.0005335	0.186743
-0.000511	0.153067
-0.000493267	0.126879
-0.000475533	0.101031
-0.0004578	0.0755273
-0.000440067	0.0503673
-0.000422333	0.025554
-0.0004046	0.00109281
-0.000386867	-0.0230108
-0.000369133	-0.0467514
-0.0003514	-0.0701216
-0.000333667	-0.0931138
-0.000315933	-0.115718
-0.0002982	-0.13792
-0.000280467	-0.15969
-0.000262733	-0.180967
-0.000245	-0.201829
-0.000218865	-0.233098
-0.000211501	-0.240888
-0.00019355	-0.26234
-0.000179128	-0.277158
-0.000168291	-0.290358
-0.000146261	-0.31307
-0.000142524	-0.31789
-0.000115856	-0.345783
-0.000111957	-0.347829
-8.80918e-05	-0.37409
-7.58971e-05	-0.377906
-5.93534e-05	-0.399751
-3.83698e-05	-0.395031
-2.9884e-05	-0.380877
7.21719e-12	0.0142177
)

((xy/key/label "line_x_0.052000_y+_z0")
7.21719e-12	0.0142177
2.9884e-05	0.440989
3.83698e-05	0.465993
5.93534e-05	0.508987
7.58971e-05	0.516296
8.80918e-05	0.534667
0.000111957	0.551537
0.000115856	0.556578
0.000142524	0.577341
0.000146261	0.579329
0.000168291	0.596984
0.000179128	0.603647
0.00019355	0.615376
0.000211501	0.627206
0.000218865	0.633146
0.000245	0.651069
0.000262733	0.662482
0.000280467	0.673829
0.0002982	0.684996
0.000315933	0.695961
0.000333667	0.706718
0.0003514	0.717271
0.000369133	0.727627
0.000386867	0.737792
0.0004046	0.747763
0.000422333	0.757541
0.000440067	0.767124
0.0004578	0.776515
0.000475533	0.785712
0.000493267	0.794714
0.000511	0.803511
0.0005335	0.81442
0.000556	0.825054
0.0005785	0.835415
0.000601	0.845512
0.0006235	0.855353
0.000646	0.864948
0.0006685	0.874307
0.000691	0.883439
0.0007135	0.892359
0.000736	0.90096
0.0007585	0.909317
0.000781	0.917466
0.0008035	0.925416
0.000826	0.933175
0.0008485	0.940777
0.000871	0.948228
0.0008935	0.955524
0.000916	0.962676
0.0009385	0.96969
0.000961	0.976577
0.0009835	0.983342
0.001006	0.990005
0.0010285	0.996557
0.001051	1.00113
0.001061	1.00445
0.001074	1.00911
0.0010909	1.01509
0.00111287	1.02209
0.00113781	1.0293
0.00116276	1.03635
0.0011877	1.04333
0.00121265	1.05013
0.00123759	1.05656
0.00126253	1.06242
0.00128748	1.06793
0.00131242	1.07301
0.00133737	1.07754
0.00136231	1.08136
0.00138725	1.0842
0.001395	1.08465
)

((xy/key/label "line_x_0.055000_y-_z0")
-0.001395	1.70028
-0.00138725	1.68823
-0.00136231	1.64785
-0.00133737	1.6064
-0.00131242	1.56418
-0.00128748	1.5214
-0.00126253	1.47819
-0.00123759	1.43467
-0.00121265	1.3909
-0.0011877	1.34698
-0.00116276	1.30295
-0.00113781	1.2589
-0.00111287	1.21479
-0.0010909	1.17584
-0.001074	1.14288
-0.001061	1.11606
-0.001051	1.09562
-0.0010285	1.06621
-0.001006	1.02757
-0.0009835	0.988752
-0.000961	0.94997
-0.0009385	0.911361
-0.000916	0.872948
-0.0008935	0.834745
-0.000871	0.796765
-0.0008485	0.759023
-0.000826	0.721532
-0.0008035	0.684306
-0.000781	0.647358
-0.0007585	0.610705
-0.000736	0.574359
-0.0007135	0.538333
-0.000691	0.502643
-0.0006685	0.467301
-0.000646	0.432321
-0.0006235	0.397714
-0.000601	0.363493
-0.0005785	0.32967
-0.000556	0.296257
-0.0005335	0.263265
-0.000511	0.2307
-0.000493267	0.205355
-0.000475533	0.18027
-0.0004578	0.1555
-0.000440067	0.131012
-0.000422333	0.10682
-0.0004046	0.0829296
-0.000386867	0.0593465
-0.000369133	0.0360739
-0.0003514	0.0131148
-0.000333667	-0.00952818
-0.000315933	-0.0318511
-0.0002982	-0.0538476
-0.000280467	-0.0755061
-0.000262733	-0.0968042
-0.000245	-0.117844
-0.000219113	-0.148297
-0.000211845	-0.156108
-0.000194236	-0.176818
-0.000180075	-0.191771
-0.00016943	-0.204448
-0.000147701	-0.227445
-0.000143998	-0.232022
-0.000117457	-0.26017
-0.000113556	-0.262761
-8.95688e-05	-0.288759
-7.72528e-05	-0.294926
-6.04819e-05	-0.315222
-3.91445e-05	-0.316796
-3.04959e-05	-0.305227
5.04645e-12	0.0161042
)

((xy/key/label "line_x_0.055000_y+_z0")
5.04645e-12	0.0161042
3.04959e-05	0.370378
3.91445e-05	0.393711
6.04819e-05	0.432347
7.72528e-05	0.442461
8.95688e-05	0.459542
0.000113556	0.478252
0.000117457	0.483019
0.000143998	0.50501
0.000147701	0.507374
0.00016943	0.525703
0.000180075	0.533123
0.000194236	0.545159
0.000211845	0.557982
0.000219113	0.564091
0.000245	0.583345
0.000262733	0.59579
0.000280467	0.608189
0.0002982	0.620439
0.000315933	0.632504
0.000333667	0.644369
0.0003514	0.656027
0.000369133	0.667478
0.000386867	0.678724
0.0004046	0.689768
0.000422333	0.700611
0.000440067	0.711258
0.0004578	0.721709
0.000475533	0.731962
0.000493267	0.742016
0.000511	0.75186
0.0005335	0.764096
0.000556	0.776047
0.0005785	0.787705
0.000601	0.799078
0.0006235	0.810174
0.000646	0.821002
0.0006685	0.831572
0.000691	0.84189
0.0007135	0.851968
0.000736	0.861811
0.0007585	0.871429
0.000781	0.880831
0.0008035	0.890022
0.000826	0.899013
0.0008485	0.90781
0.000871	0.916421
0.0008935	0.924855
0.000916	0.933122
0.0009385	0.941121
0.000961	0.948931
0.0009835	0.956596
0.001006	0.964133
0.0010285	0.971555
0.001051	0.976656
0.001061	0.980448
0.001074	0.985595
0.0010909	0.992318
0.00111287	1.00024
0.00113781	1.00807
0.00116276	1.01568
0.0011877	1.02309
0.00121265	1.03024
0.00123759	1.03711
0.00126253	1.04363
0.00128748	1.04974
0.00131242	1.05534
0.00133737	1.06032
0.00136231	1.06448
0.00138725	1.06754
0.001395	1.06801
)

((xy/key/label "line_x_0.058000_y-_z0")
-0.001395	1.69658
-0.00138725	1.68509
-0.00136231	1.64628
-0.00133737	1.60627
-0.00131242	1.56544
-0.00128748	1.52402
-0.00126253	1.48217
-0.00123759	1.44
-0.00121265	1.39762
-0.0011877	1.35509
-0.00116276	1.31247
-0.00113781	1.26983
-0.00111287	1.22719
-0.0010909	1.18965
-0.001074	1.16082
-0.001061	1.13781
-0.001051	1.11817
-0.0010285	1.084
-0.001006	1.04639
-0.0009835	1.00887
-0.000961	0.971534
-0.0009385	0.93439
-0.000916	0.897446
-0.0008935	0.860713
-0.000871	0.824202
-0.0008485	0.787922
-0.000826	0.751884
-0.0008035	0.716098
-0.000781	0.680577
-0.0007585	0.645332
-0.000736	0.610374
-0.0007135	0.575715
-0.000691	0.541366
-0.0006685	0.507337
-0.000646	0.473639
-0.0006235	0.440282
-0.000601	0.407275
-0.0005785	0.37463
-0.000556	0.342359
-0.0005335	0.310475
-0.000511	0.278995
-0.000493267	0.254475
-0.000475533	0.230142
-0.0004578	0.206035
-0.000440067	0.182171
-0.000422333	0.158562
-0.0004046	0.135214
-0.000386867	0.112134
-0.000369133	0.0893256
-0.0003514	0.0667916
-0.000333667	0.0445324
-0.000315933	0.0225478
-0.0002982	0.00084199
-0.000280467	-0.02058
-0.000262733	-0.0417135
-0.000245	-0.0626485
-0.000219362	-0.0920922
-0.000212189	-0.0997752
-0.000194921	-0.119653
-0.000181023	-0.134415
-0.000170568	-0.146568
-0.00014914	-0.169397
-0.000145472	-0.173773
-0.000119059	-0.201797
-0.000115156	-0.204706
-9.10458e-05	-0.230428
-7.86085e-05	-0.238061
-6.16104e-05	-0.257402
-3.99192e-05	-0.263067
-3.11078e-05	-0.253499
2.8757e-12	0.0172079
)

((xy/key/label "line_x_0.058000_y+_z0")
2.8757e-12	0.0172079
3.11078e-05	0.32177
3.99192e-05	0.343747
6.16104e-05	0.379535
7.86085e-05	0.391416
9.10458e-05	0.407655
0.000115156	0.42751
0.000119059	0.432089
0.000145472	0.454779
0.00014914	0.457368
0.000170568	0.476014
0.000181023	0.483857
0.000194921	0.496014
0.000212189	0.509396
0.000219362	0.515601
0.000245	0.535745
0.000262733	0.548885
0.000280467	0.562037
0.0002982	0.575087
0.000315933	0.587984
0.000333667	0.600702
0.0003514	0.613232
0.000369133	0.62557
0.000386867	0.637716
0.0004046	0.649671
0.000422333	0.661435
0.000440067	0.67301
0.0004578	0.684395
0.000475533	0.695585
0.000493267	0.706573
0.000511	0.717341
0.0005335	0.730738
0.000556	0.743865
0.0005785	0.75671
0.000601	0.769276
0.0006235	0.78157
0.000646	0.793597
0.0006685	0.805364
0.000691	0.816879
0.0007135	0.828147
0.000736	0.839177
0.0007585	0.849973
0.000781	0.860544
0.0008035	0.870895
0.000826	0.881033
0.0008485	0.890967
0.000871	0.900704
0.0008935	0.910251
0.000916	0.919615
0.0009385	0.928803
0.000961	0.937825
0.0009835	0.946693
0.001006	0.955428
0.0010285	0.964065
0.001051	0.970732
0.001061	0.97507
0.001074	0.98127
0.0010909	0.987489
0.00111287	0.995411
0.00113781	1.00424
0.00116276	1.01284
0.0011877	1.02118
0.00121265	1.02922
0.00123759	1.03693
0.00126253	1.04423
0.00128748	1.05107
0.00131242	1.05732
0.00133737	1.06284
0.00136231	1.06743
0.00138725	1.07074
0.001395	1.0712
)

((xy/key/label "line_x_0.061000_y-_z0")
-0.001395	1.66207
-0.00138725	1.65109
-0.00136231	1.61367
-0.00133737	1.57492
-0.00131242	1.53527
-0.00128748	1.49498
-0.00126253	1.45424
-0.00123759	1.4132
-0.00121265	1.37197
-0.0011877	1.33061
-0.00116276	1.2892
-0.00113781	1.24778
-0.00111287	1.20641
-0.0010909	1.17007
-0.001074	1.14222
-0.001061	1.12085
-0.001051	1.10443
-0.0010285	1.06764
-0.001006	1.03107
-0.0009835	0.994694
-0.000961	0.958524
-0.0009385	0.922556
-0.000916	0.886794
-0.0008935	0.851245
-0.000871	0.815916
-0.0008485	0.780817
-0.000826	0.745957
-0.0008035	0.711346
-0.000781	0.676991
-0.0007585	0.642904
-0.000736	0.609094
-0.0007135	0.575567
-0.000691	0.542335
-0.0006685	0.509404
-0.000646	0.476784
-0.0006235	0.444482
-0.000601	0.412506
-0.0005785	0.380864
-0.000556	0.349567
-0.0005335	0.318626
-0.000511	0.288061
-0.000493267	0.264227
-0.000475533	0.240557
-0.0004578	0.217087
-0.000440067	0.193833
-0.000422333	0.170806
-0.0004046	0.148012
-0.000386867	0.125454
-0.000369133	0.103137
-0.0003514	0.0810621
-0.000333667	0.0592327
-0.000315933	0.0376504
-0.0002982	0.0163171
-0.000280467	-0.00476488
-0.000262733	-0.0255917
-0.000245	-0.046258
-0.000219609	-0.0749925
-0.000212532	-0.0824343
-0.000195606	-0.101725
-0.00018197	-0.115999
-0.000171706	-0.127893
-0.000150579	-0.150201
-0.000146946	-0.154565
-0.00012066	-0.182401
-0.000116755	-0.185238
-9.25228e-05	-0.2114
-7.99641e-05	-0.218893
-6.27389e-05	-0.239561
-4.06939e-05	-0.245171
-3.17197e-05	-0.238503
7.04962e-13	0.0179159
)

((xy/key/label "line_x_0.061000_y+_z0")
7.04962e-13	0.0179159
3.17197e-05	0.309017
4.06939e-05	0.32861
6.27389e-05	0.365434
7.99642e-05	0.37663
9.25228e-05	0.393452
0.000116755	0.413425
0.00012066	0.418146
0.000146946	0.441194
0.000150579	0.443772
0.000171706	0.46272
0.00018197	0.470576
0.000195606	0.482926
0.000212532	0.496418
0.000219609	0.502772
0.000245	0.523432
0.000262733	0.53722
0.000280467	0.550944
0.0002982	0.564585
0.000315933	0.578103
0.000333667	0.591468
0.0003514	0.604666
0.000369133	0.61769
0.000386867	0.630538
0.0004046	0.643211
0.000422333	0.655707
0.000440067	0.668027
0.0004578	0.680168
0.000475533	0.692125
0.000493267	0.703885
0.000511	0.71543
0.0005335	0.729822
0.000556	0.74397
0.0005785	0.757854
0.000601	0.771472
0.0006235	0.784827
0.000646	0.797923
0.0006685	0.810766
0.000691	0.823358
0.0007135	0.835704
0.000736	0.847812
0.0007585	0.859686
0.000781	0.871333
0.0008035	0.882754
0.000826	0.893953
0.0008485	0.904934
0.000871	0.915702
0.0008935	0.926264
0.000916	0.936624
0.0009385	0.94679
0.000961	0.956769
0.0009835	0.966572
0.001006	0.976217
0.0010285	0.985745
0.001051	0.995237
0.001061	0.999395
0.001074	1.00466
0.0010909	1.01142
0.00111287	1.02009
0.00113781	1.02977
0.00116276	1.03921
0.0011877	1.04833
0.00121265	1.05711
0.00123759	1.06549
0.00126253	1.0734
0.00128748	1.08075
0.00131242	1.08743
0.00133737	1.09328
0.00136231	1.09803
0.00138725	1.10132
0.001395	1.10169
)

((xy/key/label "line_x_0.064000_y-_z0")
-0.001395	1.31342
-0.0013867	1.30284
-0.00136058	1.26864
-0.00133446	1.23378
-0.00130833	1.19844
-0.00128221	1.16273
-0.00125609	1.12676
-0.00122997	1.0906
-0.00120384	1.05429
-0.00117772	1.01786
-0.0011545	0.985399
-0.00113621	0.959847
-0.00112173	0.939667
-0.00111018	0.923676
-0.00108641	0.890893
-0.00106264	0.858104
-0.00103887	0.825355
-0.00101511	0.79268
-0.000991338	0.7601
-0.000967571	0.727634
-0.000943803	0.695297
-0.000920035	0.663102
-0.000896268	0.631062
-0.0008725	0.599189
-0.000848732	0.567494
-0.000824965	0.535986
-0.000801197	0.504676
-0.000777429	0.473573
-0.000753662	0.442685
-0.000729894	0.412021
-0.000706127	0.38159
-0.000682359	0.351399
-0.000658591	0.321454
-0.000634824	0.291762
-0.000611056	0.262332
-0.000587288	0.233173
-0.000563521	0.204289
-0.000539753	0.17565
-0.000521024	0.15328
-0.000502295	0.131091
-0.000483566	0.109079
-0.000464837	0.0872426
-0.000446109	0.0655859
-0.00042738	0.0441135
-0.000408651	0.0228302
-0.000389922	0.00174121
-0.000371193	-0.0191485
-0.000352464	-0.0398358
-0.000333735	-0.0603147
-0.000315006	-0.0805751
-0.000296277	-0.100589
-0.000277549	-0.120295
-0.00025882	-0.139791
-0.000232084	-0.1678
-0.000224641	-0.174547
-0.00020688	-0.193736
-0.000192568	-0.206723
-0.000181792	-0.219015
-0.000159579	-0.239833
-0.000155754	-0.24466
-0.00012803	-0.271943
-0.000123904	-0.273622
-9.82618e-05	-0.301832
-8.49521e-05	-0.304645
-6.66752e-05	-0.332507
-4.32621e-05	-0.326366
-3.37244e-05	-0.324799
-1.96682e-14	0.0178896
)

((xy/key/label "line_x_0.064000_y+_z0")
-1.96682e-14	0.0178896
3.37244e-05	0.395061
4.32621e-05	0.409372
6.66752e-05	0.457713
8.49521e-05	0.461444
9.82618e-05	0.482769
0.000123904	0.500213
0.00012803	0.506021
0.000155754	0.528969
0.000159579	0.53097
0.000181792	0.55078
0.000192568	0.557853
0.00020688	0.571123
0.000224641	0.58419
0.000232084	0.591068
0.00025882	0.611848
0.000277549	0.626008
0.000296277	0.64025
0.000315006	0.654414
0.000333735	0.668455
0.000352464	0.682353
0.000371193	0.696104
0.000389922	0.709705
0.000408651	0.723156
0.00042738	0.736458
0.000446109	0.749608
0.000464837	0.762606
0.000483566	0.77545
0.000502295	0.788141
0.000521024	0.800686
0.000539753	0.81312
0.000563521	0.828659
0.000587288	0.843943
0.000611056	0.858991
0.000634824	0.873811
0.000658591	0.888408
0.000682359	0.902785
0.000706127	0.916947
0.000729894	0.930897
0.000753662	0.944639
0.000777429	0.958179
0.000801197	0.971518
0.000824965	0.984662
0.000848732	0.997612
0.0008725	1.01037
0.000896268	1.02295
0.000920035	1.03533
0.000943803	1.04754
0.000967571	1.05956
0.000991338	1.0714
0.00101511	1.08306
0.00103887	1.09453
0.00106264	1.10581
0.00108641	1.11687
0.00111018	1.12774
0.00112173	1.133
0.00113621	1.13958
0.0011545	1.14782
0.00117772	1.15811
0.00120384	1.16942
0.00122997	1.18041
0.00125609	1.19107
0.00128221	1.20137
0.00130833	1.21126
0.00133446	1.22068
0.00136058	1.22953
0.0013867	1.2377
0.001395	1.24002
)

((xy/key/label "line_x_0.067000_y-_z0")
-0.001395	0.973139
-0.00138656	0.964736
-0.00135867	0.936462
-0.00133078	0.907758
-0.00130289	0.878693
-0.001275	0.849314
-0.00124989	0.822642
-0.00122954	0.800905
-0.00121283	0.783045
-0.00119894	0.768232
-0.00117327	0.740828
-0.0011476	0.713305
-0.00112193	0.685702
-0.00109626	0.658053
-0.0010706	0.630382
-0.00104493	0.602708
-0.00101926	0.57505
-0.000993588	0.547423
-0.000967919	0.519842
-0.00094225	0.492321
-0.000916581	0.464872
-0.000890912	0.437507
-0.000865243	0.410238
-0.000839574	0.383076
-0.000813904	0.356032
-0.000788235	0.329114
-0.000762566	0.302333
-0.000736897	0.275698
-0.000711228	0.249217
-0.000685559	0.2229
-0.00065989	0.196755
-0.000634221	0.170791
-0.000608551	0.145013
-0.000582882	0.1194
-0.00056266	0.0993588
-0.000542438	0.079438
-0.000522216	0.0596367
-0.000501994	0.0399543
-0.000481771	0.0203968
-0.000461549	0.000970622
-0.000441327	-0.0183194
-0.000421105	-0.0374686
-0.000400882	-0.0564713
-0.00038066	-0.0753205
-0.000360438	-0.0940103
-0.000340216	-0.112529
-0.000319994	-0.130854
-0.000299771	-0.14893
-0.000279549	-0.166857
-0.000250672	-0.192669
-0.000242632	-0.198812
-0.00022345	-0.216622
-0.000207991	-0.228506
-0.000196352	-0.240016
-0.00017236	-0.259226
-0.000168229	-0.263795
-0.000138284	-0.289185
-0.000133828	-0.290558
-0.000106132	-0.317147
-9.17561e-05	-0.318984
-7.20153e-05	-0.345843
-4.6727e-05	-0.33786
-3.64255e-05	-0.335414
-2.12435e-14	0.0170975
)

((xy/key/label "line_x_0.067000_y+_z0")
-2.12435e-14	0.0170975
3.64255e-05	0.401998
4.6727e-05	0.416469
7.20153e-05	0.464211
9.17561e-05	0.467079
0.000106132	0.487994
0.000133828	0.504389
0.000138284	0.51007
0.000168229	0.531998
0.00017236	0.533852
0.000196352	0.552922
0.000207991	0.559628
0.00022345	0.572462
0.000242632	0.584981
0.000250672	0.591656
0.000279549	0.611688
0.000299771	0.62535
0.000319994	0.639121
0.000340216	0.652836
0.000360438	0.666453
0.00038066	0.679956
0.000400882	0.693338
0.000421105	0.706594
0.000441327	0.719722
0.000461549	0.732719
0.000481771	0.745583
0.000501994	0.758314
0.000522216	0.770911
0.000542438	0.783374
0.00056266	0.795707
0.000582882	0.807942
0.000608551	0.823256
0.000634221	0.83834
0.00065989	0.853211
0.000685559	0.867874
0.000711228	0.882332
0.000736897	0.896589
0.000762566	0.910648
0.000788235	0.924512
0.000813904	0.938183
0.000839574	0.951664
0.000865243	0.964957
0.000890912	0.978064
0.000916581	0.990986
0.00094225	1.00372
0.000967919	1.01628
0.000993588	1.02865
0.00101926	1.04085
0.00104493	1.05285
0.0010706	1.06467
0.00109626	1.07631
0.00112193	1.08774
0.0011476	1.09897
0.00117327	1.10998
0.00119894	1.12078
0.00121283	1.12658
0.00122954	1.13352
0.00124989	1.14188
0.001275	1.15199
0.00130289	1.16291
0.00133078	1.17347
0.00135867	1.18363
0.00138656	1.19334
0.001395	1.19612
)

((xy/key/label "line_x_0.070000_y-_z0")
-0.001395	0.703804
-0.00137227	0.686039
-0.00134528	0.664612
-0.00132286	0.646602
-0.00130393	0.631304
-0.00128771	0.618157
-0.00126013	0.59567
-0.00123256	0.572974
-0.00120499	0.550096
-0.00117742	0.52707
-0.00114985	0.50392
-0.00112228	0.480668
-0.00109471	0.457332
-0.00106714	0.433929
-0.00103957	0.410476
-0.001012	0.386987
-0.000984429	0.363477
-0.000956859	0.339959
-0.000929288	0.316446
-0.000901718	0.292949
-0.000874147	0.269481
-0.000846576	0.246053
-0.000819006	0.222675
-0.000791435	0.199358
-0.000763865	0.176112
-0.000736294	0.152946
-0.000708723	0.129872
-0.000681153	0.106897
-0.000653582	0.084028
-0.000626012	0.0612493
-0.000604296	0.0433915
-0.000582581	0.0256016
-0.000560865	0.00788541
-0.00053915	-0.00975681
-0.000517434	-0.02732
-0.000495719	-0.0447987
-0.000474003	-0.0621877
-0.000452287	-0.0794823
-0.000430572	-0.096677
-0.000408856	-0.113765
-0.000387141	-0.130736
-0.000365425	-0.14758
-0.00034371	-0.164276
-0.000321994	-0.180775
-0.000300279	-0.197183
-0.00026926	-0.220849
-0.000260624	-0.226418
-0.000240019	-0.242859
-0.000223414	-0.25369
-0.000210912	-0.2644
-0.000185141	-0.282053
-0.000180703	-0.286345
-0.000148538	-0.309846
-0.000143751	-0.31095
-0.000114002	-0.335794
-9.85601e-05	-0.336797
-7.73555e-05	-0.362267
-5.0192e-05	-0.352724
-3.91266e-05	-0.348622
-2.28188e-14	0.0162342
)

((xy/key/label "line_x_0.070000_y+_z0")
-2.28188e-14	0.0162342
3.91266e-05	0.411386
5.0192e-05	0.426768
7.73555e-05	0.473602
9.85601e-05	0.475981
0.000114002	0.496327
0.000143751	0.51177
0.000148538	0.517284
0.000180703	0.538154
0.000185141	0.539879
0.000210912	0.558127
0.000223414	0.564478
0.000240019	0.576812
0.000260624	0.588768
0.00026926	0.595205
0.000300279	0.614437
0.000321994	0.627549
0.00034371	0.640793
0.000365425	0.654009
0.000387141	0.667154
0.000408856	0.680212
0.000430572	0.693174
0.000452287	0.706031
0.000474003	0.718779
0.000495719	0.731417
0.000517434	0.743943
0.00053915	0.756356
0.000560865	0.768654
0.000582581	0.780834
0.000604296	0.792901
0.000626012	0.804886
0.000653582	0.819909
0.000681153	0.834728
0.000708723	0.849356
0.000736294	0.863797
0.000763865	0.878053
0.000791435	0.892126
0.000819006	0.906018
0.000846576	0.919729
0.000874147	0.93326
0.000901718	0.946614
0.000929288	0.95979
0.000956859	0.972789
0.000984429	0.98561
0.001012	0.998255
0.00103957	1.01072
0.00106714	1.02301
0.00109471	1.03511
0.00112228	1.04703
0.00114985	1.05876
0.00117742	1.0703
0.00120499	1.08164
0.00123256	1.09276
0.00126013	1.10365
0.00128771	1.11432
0.00130393	1.12053
0.00132286	1.12771
0.00134528	1.1361
0.00137227	1.14597
0.001395	1.15403
)

((xy/key/label "line_x_0.073000_y-_z0")
-0.001395	0.484353
-0.00137647	0.473063
-0.001347	0.454878
-0.00131753	0.436427
-0.00128805	0.417728
-0.00125858	0.39881
-0.00122911	0.379695
-0.00119964	0.360404
-0.00117017	0.340953
-0.00114069	0.321359
-0.00111122	0.301639
-0.00108175	0.281806
-0.00105228	0.261876
-0.00102281	0.241861
-0.000993334	0.221775
-0.000963862	0.20163
-0.000934389	0.181438
-0.000904917	0.161211
-0.000875445	0.14096
-0.000845973	0.120696
-0.000816501	0.10043
-0.000787029	0.080172
-0.000757557	0.0599335
-0.000728085	0.0397239
-0.000698613	0.0195512
-0.000669141	-0.000596556
-0.000645932	-0.0164265
-0.000622723	-0.0322356
-0.000599515	-0.0480143
-0.000576306	-0.0637609
-0.000553097	-0.0794704
-0.000529888	-0.0951373
-0.000506679	-0.110756
-0.00048347	-0.126322
-0.000460261	-0.141829
-0.000437052	-0.157271
-0.000413844	-0.172639
-0.000390635	-0.187917
-0.000367426	-0.203088
-0.000344217	-0.218105
-0.000321008	-0.233079
-0.000287848	-0.254707
-0.000278616	-0.259716
-0.000256589	-0.274865
-0.000238837	-0.284669
-0.000225472	-0.294632
-0.000197922	-0.310775
-0.000193178	-0.314812
-0.000158793	-0.336495
-0.000153675	-0.337313
-0.000121872	-0.360502
-0.000105364	-0.360585
-8.26957e-05	-0.384789
-5.36569e-05	-0.373394
-4.18276e-05	-0.367382
-2.4394e-14	0.0153453
)

((xy/key/label "line_x_0.073000_y+_z0")
-2.4394e-14	0.0153453
4.18276e-05	0.426356
5.36569e-05	0.442926
8.26957e-05	0.48921
0.000105364	0.491034
0.000121872	0.510929
0.000153675	0.525403
0.000158793	0.530776
0.000193178	0.55059
0.000197922	0.552175
0.000225472	0.569609
0.000238837	0.575584
0.000256589	0.587429
0.000278616	0.598799
0.000287848	0.605005
0.000321008	0.623408
0.000344217	0.63595
0.000367426	0.648649
0.000390635	0.661342
0.000413844	0.673991
0.000437052	0.686575
0.000460261	0.699082
0.00048347	0.711504
0.000506679	0.723837
0.000529888	0.736078
0.000553097	0.748225
0.000576306	0.760276
0.000599515	0.772229
0.000622723	0.784083
0.000645932	0.795839
0.000669141	0.807527
0.000698613	0.822196
0.000728085	0.836685
0.000757557	0.851002
0.000787029	0.865151
0.000816501	0.879133
0.000845973	0.892948
0.000875445	0.906598
0.000904917	0.920083
0.000934389	0.933402
0.000963862	0.946555
0.000993334	0.959543
0.00102281	0.972363
0.00105228	0.985016
0.00108175	0.997499
0.00111122	1.00981
0.00114069	1.02195
0.00117017	1.03391
0.00119964	1.04568
0.00122911	1.05727
0.00125858	1.06867
0.00128805	1.07987
0.00131753	1.09085
0.001347	1.10161
0.00137647	1.11214
0.001395	1.11868
)

((xy/key/label "line_x_0.076000_y-_z0")
-0.001395	0.305696
-0.00137111	0.294114
-0.00133974	0.278652
-0.00130837	0.262956
-0.00127699	0.247044
-0.00124562	0.230929
-0.00121425	0.214627
-0.00118287	0.19815
-0.0011515	0.181511
-0.00112013	0.164723
-0.00108875	0.147798
-0.00105738	0.130747
-0.00102601	0.113581
-0.000994632	0.096312
-0.000963259	0.0789505
-0.000931885	0.0615076
-0.000900512	0.0439941
-0.000869138	0.0264207
-0.000837765	0.00879758
-0.000806391	-0.00886483
-0.000775018	-0.0265564
-0.000743644	-0.0442688
-0.000712271	-0.0620105
-0.000687568	-0.0759829
-0.000662866	-0.089974
-0.000638164	-0.103971
-0.000613462	-0.117973
-0.000588759	-0.131973
-0.000564057	-0.145966
-0.000539355	-0.159947
-0.000514653	-0.173911
-0.000489951	-0.187853
-0.000465248	-0.201765
-0.000440546	-0.215639
-0.000415844	-0.229461
-0.000391142	-0.243213
-0.00036644	-0.256854
-0.000341737	-0.270499
-0.000306437	-0.290227
-0.000296608	-0.294711
-0.000273158	-0.308656
-0.000254261	-0.317498
-0.000240032	-0.326766
-0.000210703	-0.341492
-0.000205653	-0.345291
-0.000169047	-0.365268
-0.000163599	-0.365813
-0.000129742	-0.38744
-0.000112168	-0.386636
-8.80358e-05	-0.409605
-5.71219e-05	-0.396367
-4.45287e-05	-0.38827
-2.59693e-14	0.0144238
)

((xy/key/label "line_x_0.076000_y+_z0")
-2.59693e-14	0.0144238
4.45287e-05	0.443507
5.71219e-05	0.461499
8.80358e-05	0.507332
0.000112168	0.508671
0.000129742	0.528145
0.000163599	0.541696
0.000169047	0.546934
0.000205653	0.565716
0.000210703	0.567166
0.000240032	0.583795
0.000254261	0.5894
0.000273158	0.600762
0.000296608	0.61155
0.000306436	0.617526
0.000341737	0.635106
0.00036644	0.647082
0.000391142	0.659236
0.000415844	0.671406
0.000440546	0.683555
0.000465248	0.695658
0.000489951	0.707701
0.000514653	0.719678
0.000539355	0.731583
0.000564057	0.743413
0.000588759	0.755166
0.000613462	0.76684
0.000638164	0.778432
0.000662866	0.789939
0.000687568	0.801364
0.000712271	0.812733
0.000743644	0.827021
0.000775018	0.84115
0.000806391	0.855126
0.000837765	0.868953
0.000869138	0.882631
0.000900512	0.89616
0.000931885	0.90954
0.000963259	0.922771
0.000994632	0.93585
0.00102601	0.948779
0.00105738	0.961555
0.00108875	0.974177
0.00112013	0.986644
0.0011515	0.998954
0.00118287	1.0111
0.00121425	1.02309
0.00124562	1.03491
0.00127699	1.04657
0.00130837	1.05804
0.00133974	1.06933
0.00137111	1.08044
0.001395	1.08874
)

((xy/key/label "line_x_0.079000_y-_z0")
-0.001395	0.163211
-0.00138762	0.160406
-0.00135435	0.147493
-0.00132107	0.134321
-0.0012878	0.120892
-0.00125452	0.107212
-0.00122125	0.0932958
-0.00118797	0.0791638
-0.0011547	0.0648348
-0.00112142	0.0503257
-0.00108815	0.0356509
-0.00105487	0.0208239
-0.0010216	0.00585798
-0.000988325	-0.00923389
-0.00095505	-0.0244395
-0.000921775	-0.0397474
-0.0008885	-0.0551462
-0.000855225	-0.0706252
-0.00082195	-0.086174
-0.000788675	-0.101784
-0.0007554	-0.117461
-0.000729205	-0.129834
-0.000703009	-0.142254
-0.000676813	-0.154706
-0.000650618	-0.167188
-0.000624422	-0.179695
-0.000598227	-0.192222
-0.000572031	-0.204763
-0.000545836	-0.217314
-0.00051964	-0.22987
-0.000493445	-0.242425
-0.000467249	-0.254969
-0.000441054	-0.267493
-0.000414858	-0.279978
-0.000388662	-0.292388
-0.000362467	-0.30484
-0.000325025	-0.322856
-0.0003146	-0.326872
-0.000289728	-0.339721
-0.000269684	-0.347703
-0.000254593	-0.356325
-0.000223484	-0.369772
-0.000218127	-0.373344
-0.000179301	-0.391755
-0.000173523	-0.392069
-0.000137612	-0.412212
-0.000118972	-0.410674
-9.3376e-05	-0.432347
-6.05869e-05	-0.417606
-4.72298e-05	-0.40737
-2.75446e-14	0.0134462
)

((xy/key/label "line_x_0.079000_y+_z0")
-2.75446e-14	0.0134462
4.72298e-05	0.458971
6.05869e-05	0.478561
9.3376e-05	0.523782
0.000118972	0.52487
0.000137612	0.543869
0.000173523	0.556632
0.000179301	0.561726
0.000218127	0.579554
0.000223484	0.58089
0.000254592	0.59675
0.000269684	0.602029
0.000289728	0.612921
0.0003146	0.623176
0.000325025	0.628926
0.000362467	0.645734
0.000388662	0.657171
0.000414858	0.668804
0.000441054	0.680471
0.000467249	0.692133
0.000493445	0.703766
0.00051964	0.715355
0.000545836	0.726894
0.000572031	0.738379
0.000598227	0.749804
0.000624422	0.761168
0.000650618	0.772469
0.000676813	0.783702
0.000703009	0.794866
0.000729205	0.805962
0.0007554	0.817015
0.000788675	0.830923
0.00082195	0.844694
0.000855225	0.858332
0.0008885	0.87184
0.000921775	0.885218
0.00095505	0.898464
0.000988325	0.911578
0.0010216	0.924559
0.00105487	0.937406
0.00108815	0.950118
0.00112142	0.962692
0.0011547	0.975128
0.00118797	0.987424
0.00122125	0.999579
0.00125452	1.01159
0.0012878	1.02346
0.00132107	1.03517
0.00135435	1.04674
0.00138762	1.05814
0.001395	1.06063
)

((xy/key/label "line_x_0.082000_y-_z0")
-0.001395	0.0506804
-0.00136135	0.0400636
-0.00132618	0.0287637
-0.001291	0.0172702
-0.00125582	0.00558946
-0.00122065	-0.0062721
-0.00118547	-0.0183104
-0.00115029	-0.0305243
-0.00111512	-0.0429148
-0.00107994	-0.0554875
-0.00104476	-0.0682515
-0.00100959	-0.0812069
-0.000974412	-0.0943419
-0.000939235	-0.10764
-0.000904059	-0.121087
-0.000868882	-0.134668
-0.000833706	-0.148371
-0.000798529	-0.162196
-0.000770841	-0.173147
-0.000743152	-0.184178
-0.000715463	-0.195273
-0.000687774	-0.206428
-0.000660085	-0.217637
-0.000632396	-0.228894
-0.000604707	-0.240193
-0.000577018	-0.251529
-0.00054933	-0.262896
-0.000521641	-0.274287
-0.000493952	-0.285694
-0.000466263	-0.29711
-0.000438574	-0.308516
-0.000410885	-0.319877
-0.000383196	-0.33131
-0.000343613	-0.347869
-0.000332592	-0.351506
-0.000306297	-0.363402
-0.000285107	-0.370681
-0.000269153	-0.378721
-0.000236265	-0.3911
-0.000230602	-0.394455
-0.000189555	-0.411517
-0.000183446	-0.411677
-0.000145482	-0.430448
-0.000125776	-0.428462
-9.87161e-05	-0.448721
-6.40518e-05	-0.433155
-4.99308e-05	-0.420859
-2.91198e-14	0.0123939
)

((xy/key/label "line_x_0.082000_y+_z0")
-2.91198e-14	0.0123939
4.99308e-05	0.468993
6.40518e-05	0.49028
9.87161e-05	0.534491
0.000125776	0.5357
0.000145482	0.554094
0.000183446	0.566284
0.000189555	0.571205
0.000230602	0.588193
0.000236265	0.589454
0.000269153	0.60459
0.000285107	0.609612
0.000306297	0.620046
0.000332592	0.629845
0.000343613	0.635374
0.000383196	0.651498
0.000410885	0.662447
0.000438574	0.673606
0.000466263	0.684811
0.000493952	0.696026
0.000521641	0.707227
0.00054933	0.718398
0.000577018	0.729534
0.000604707	0.740629
0.000632396	0.751679
0.000660085	0.762681
0.000687774	0.773633
0.000715463	0.784532
0.000743152	0.795375
0.000770841	0.806162
0.000798529	0.816918
0.000833706	0.830469
0.000868882	0.843902
0.000904059	0.857221
0.000939235	0.870427
0.000974412	0.883522
0.00100959	0.896505
0.00104476	0.909374
0.00107994	0.922128
0.00111512	0.934765
0.00115029	0.947284
0.00118547	0.959685
0.00122065	0.971965
0.00125582	0.984124
0.001291	0.996159
0.00132618	1.00807
0.00136135	1.01985
0.001395	1.03099
)

((xy/key/label "line_x_0.085000_y-_z0")
-0.001395	-0.0330451
-0.00136075	-0.0421803
-0.00132367	-0.0522456
-0.00128659	-0.0624827
-0.00124952	-0.072886
-0.00121244	-0.083449
-0.00117536	-0.0941648
-0.00113828	-0.105027
-0.0011012	-0.116027
-0.00106413	-0.127159
-0.00102705	-0.138416
-0.000989971	-0.149797
-0.000952893	-0.161298
-0.000915815	-0.172923
-0.000878737	-0.184679
-0.000841659	-0.19659
-0.000812477	-0.206071
-0.000783294	-0.215671
-0.000754112	-0.225373
-0.00072493	-0.235174
-0.000695748	-0.245067
-0.000666566	-0.255044
-0.000637383	-0.265099
-0.000608201	-0.275226
-0.000579019	-0.285417
-0.000549837	-0.295666
-0.000520655	-0.305967
-0.000491472	-0.316309
-0.00046229	-0.326678
-0.000433108	-0.337038
-0.000403926	-0.3475
-0.000362201	-0.362684
-0.000350584	-0.365991
-0.000322867	-0.376969
-0.00030053	-0.38364
-0.000283713	-0.3911
-0.000249046	-0.402534
-0.000243077	-0.40566
-0.00019981	-0.421486
-0.00019337	-0.42157
-0.000153352	-0.438986
-0.00013258	-0.436863
-0.000104056	-0.455504
-6.75168e-05	-0.439923
-5.26319e-05	-0.425764
-3.06952e-14	0.0112916
)

((xy/key/label "line_x_0.085000_y+_z0")
-3.06952e-14	0.0112916
5.26319e-05	0.470588
6.75168e-05	0.493497
0.000104056	0.536112
0.00013258	0.537852
0.000153352	0.555449
0.00019337	0.567299
0.00019981	0.572005
0.000243077	0.588278
0.000249046	0.589511
0.000283713	0.603969
0.00030053	0.608821
0.000322867	0.618809
0.000350584	0.628251
0.000362201	0.633559
0.000403926	0.649108
0.000433108	0.659636
0.00046229	0.670382
0.000491472	0.681182
0.000520655	0.692002
0.000549837	0.70282
0.000579019	0.713621
0.000608201	0.724399
0.000637383	0.735148
0.000666566	0.745863
0.000695748	0.756542
0.00072493	0.767182
0.000754112	0.77778
0.000783294	0.788334
0.000812477	0.798844
0.000841659	0.809332
0.000878737	0.822562
0.000915815	0.835691
0.000952893	0.848723
0.000989971	0.861659
0.00102705	0.874499
0.00106413	0.887243
0.0011012	0.899888
0.00113828	0.912435
0.00117536	0.924881
0.00121244	0.937227
0.00124952	0.949471
0.00128659	0.961612
0.00132367	0.973648
0.00136075	0.985578
0.001395	0.9965
)

((xy/key/label "line_x_0.088000_y-_z0")
-0.001395	-0.0895468
-0.00139152	-0.0903429
-0.00135254	-0.0994192
-0.00131356	-0.108651
-0.00127458	-0.118035
-0.0012356	-0.127567
-0.00119662	-0.13724
-0.00115764	-0.147048
-0.00111866	-0.156986
-0.00107969	-0.167049
-0.00104071	-0.177231
-0.00100173	-0.187526
-0.000962747	-0.197926
-0.000923768	-0.208422
-0.000884788	-0.219018
-0.000854113	-0.227418
-0.000823437	-0.235894
-0.000792762	-0.244435
-0.000762086	-0.253047
-0.000731411	-0.261731
-0.000700735	-0.270486
-0.00067006	-0.279319
-0.000639384	-0.288241
-0.000608708	-0.297256
-0.000578033	-0.306358
-0.000547357	-0.315542
-0.000516682	-0.324799
-0.000486006	-0.334113
-0.000455331	-0.343452
-0.000424655	-0.35292
-0.000380789	-0.366692
-0.000368576	-0.369684
-0.000339436	-0.379698
-0.000315954	-0.385783
-0.000298273	-0.392616
-0.000261827	-0.40312
-0.000255551	-0.405988
-0.000210064	-0.420557
-0.000203294	-0.420619
-0.000161222	-0.436584
-0.000139384	-0.434565
-0.000109396	-0.451336
-7.09817e-05	-0.436452
-5.5333e-05	-0.420737
-3.22705e-14	0.010194
)

((xy/key/label "line_x_0.088000_y+_z0")
-3.22705e-14	0.010194
5.5333e-05	0.462291
7.09817e-05	0.48649
0.000109396	0.526834
0.000139384	0.529376
0.000161222	0.545951
0.000203294	0.557588
0.000210064	0.562028
0.000255551	0.577633
0.000261827	0.578871
0.000298273	0.592654
0.000315953	0.597396
0.000339436	0.606922
0.000368576	0.616069
0.000380789	0.621146
0.000424655	0.636181
0.000455331	0.646329
0.000486006	0.656701
0.000516682	0.667138
0.000547357	0.677602
0.000578033	0.688075
0.000608708	0.698545
0.000639384	0.709002
0.00067006	0.719442
0.000700735	0.72986
0.000731411	0.740255
0.000762086	0.750622
0.000792762	0.760957
0.000823437	0.771256
0.000854113	0.781521
0.000884788	0.791772
0.000923768	0.804718
0.000962747	0.817578
0.00100173	0.830355
0.00104071	0.843051
0.00107969	0.855664
0.00111866	0.868193
0.00115764	0.880638
0.00119662	0.892998
0.0012356	0.905272
0.00127458	0.917459
0.00131356	0.929558
0.00135254	0.941568
0.00139152	0.953489
0.001395	0.954545
)

((xy/key/label "line_x_0.091000_y-_z0")
-5.8034e-05	-0.406554
-7.44467e-05	-0.423448
-0.000114737	-0.437123
-0.000146188	-0.422408
-0.000169092	-0.42416
-0.000213218	-0.409739
-0.000220318	-0.40966
-0.000268026	-0.396376
-0.000274608	-0.393788
-0.000312833	-0.3842
-0.000331377	-0.378024
-0.000356006	-0.372495
-0.000386568	-0.363457
-0.000399377	-0.360756
-0.000445385	-0.34836
-0.000477554	-0.339826
-0.000509722	-0.331429
-0.000541891	-0.323062
-0.00057406	-0.314739
-0.000606229	-0.306469
-0.000638398	-0.298239
-0.000670567	-0.290058
-0.000702736	-0.281929
-0.000734904	-0.273852
-0.000767073	-0.265825
-0.000799242	-0.257854
-0.000831411	-0.24994
-0.00086358	-0.242088
-0.000895749	-0.234297
-0.000927918	-0.226583
-0.000968798	-0.216862
-0.00100968	-0.207248
-3.38457e-14	0.00914168
-5.8034e-05	-0.406554
-0.00100968	-0.207248
-0.00105056	-0.197736
-0.00109144	-0.18833
-0.00113232	-0.179036
-0.0011732	-0.169859
-0.00121408	-0.160803
-0.00125496	-0.151872
-0.00129585	-0.14307
-0.00133673	-0.134398
-0.00137761	-0.12586
-0.001395	-0.122286
)

((xy/key/label "line_x_0.091000_y+_z0")
0.000169092	0.526016
0.000213218	0.537422
0.000220318	0.541544
0.000268026	0.556417
0.000274608	0.557667
0.000312833	0.570703
0.000331377	0.575337
0.000356006	0.584346
0.000386568	0.593182
0.000399377	0.597999
0.000445385	0.61247
0.000477554	0.622216
0.000509722	0.63219
0.000541891	0.642241
0.00057406	0.652332
0.000606229	0.662442
0.000638398	0.672564
0.000670567	0.68269
0.000702736	0.692813
0.000734904	0.702926
0.000767073	0.713028
0.000799242	0.723114
0.000831411	0.733181
0.00086358	0.743225
0.000895749	0.753244
0.000927918	0.763257
0.000968798	0.775918
0.00100968	0.788511
0.00105056	0.801038
0.00109144	0.813497
0.00113232	0.825889
0.0011732	0.83821
0.00121408	0.850459
0.00125496	0.862634
0.00129585	0.874734
0.00133673	0.886759
0.00137761	0.898706
0.001395	0.903755
0.000268026	0.556417
0.000274608	0.557667
-3.38457e-14	0.00914168
5.8034e-05	0.444796
7.44467e-05	0.469797
0.000114737	0.507255
0.000146188	0.51068
0.000169092	0.526016
)

((xy/key/label "line_x_0.094000_y-_z0")
-0.000701749	-0.28024
-0.000735412	-0.272649
-0.000769074	-0.265112
-0.000802736	-0.25763
-0.000836398	-0.250207
-0.00087006	-0.242844
-0.000903723	-0.235545
-0.000937385	-0.228309
-0.000971047	-0.221149
-3.5421e-14	0.00816336
-6.07351e-05	-0.385345
-7.79117e-05	-0.40302
-0.000120077	-0.415125
-0.000152992	-0.402505
-0.000176962	-0.403863
-0.000223141	-0.390961
-0.000230572	-0.390831
-0.000280501	-0.378742
-0.000287389	-0.376429
-0.000327393	-0.367615
-0.0003468	-0.362037
-0.000372575	-0.356916
-0.00040456	-0.348683
-0.000417965	-0.34617
-0.000466114	-0.334777
-0.000499776	-0.326837
-0.000533439	-0.318986
-0.000567101	-0.311141
-0.000600763	-0.303335
-0.000634425	-0.295583
-0.000668087	-0.287884
-0.00070175	-0.28024
-0.000971047	-0.221149
-0.00101383	-0.212134
-0.00105661	-0.203229
-0.00109939	-0.194425
-0.00114218	-0.185724
-0.00118496	-0.17713
-0.00122774	-0.168644
-0.00127052	-0.16027
-0.00131331	-0.152009
-0.00135609	-0.143866
-0.001395	-0.136567
)

((xy/key/label "line_x_0.094000_y+_z0")
7.79117e-05	0.445644
0.000120077	0.479799
7.79117e-05	0.445644
6.07351e-05	0.420322
-3.5421e-14	0.00816336
0.000120077	0.479799
0.000152992	0.484074
0.000176962	0.498017
0.000223141	0.509101
0.000230572	0.512864
0.000280501	0.526886
0.000287389	0.52814
0.000327393	0.540324
0.0003468	0.544811
0.000372575	0.553224
0.00040456	0.561671
0.000417965	0.566183
0.000466114	0.579958
0.000499776	0.589217
0.000533439	0.598706
0.000567101	0.608287
0.000600763	0.617923
0.000634425	0.627592
0.000668087	0.637285
0.00070175	0.646995
0.000735412	0.656718
0.000769074	0.666449
0.000802736	0.676184
0.000836398	0.685917
0.00087006	0.695645
0.000903723	0.705365
0.000937385	0.715074
0.000971047	0.724788
0.00101383	0.737092
0.00105661	0.74935
0.00109939	0.761561
0.00114218	0.773723
0.00118496	0.785834
0.00122774	0.797891
0.00127052	0.809891
0.00131331	0.821833
0.00135609	0.833713
0.001395	0.844461
)

((xy/key/label "line_x_0.097000_y-_z0")
-3.69963e-14	0.00728956
-6.34362e-05	-0.359458
-8.13766e-05	-0.37752
-0.000125417	-0.387808
-0.000159796	-0.377135
-0.000184832	-0.37795
-0.000233065	-0.366278
-0.000240826	-0.366034
-0.000292975	-0.354719
-0.00030017	-0.352617
-0.000341953	-0.344211
-0.000362223	-0.339042
-0.000389145	-0.334111
-0.000422552	-0.326408
-0.000436553	-0.323979
-0.000486844	-0.313212
-0.000521999	-0.305683
-0.000557155	-0.298249
-0.00059231	-0.290852
-0.000627466	-0.28351
-0.000662621	-0.276229
-0.000697777	-0.269008
-0.000732932	-0.261845
-0.000768088	-0.25474
-0.000803243	-0.247694
-0.000838399	-0.240706
-0.000873554	-0.233776
-0.00090871	-0.226906
-0.000943865	-0.220099
-0.000979021	-0.213353
-0.00101418	-0.206676
-0.00105886	-0.198273
-0.00110354	-0.189972
-0.00114823	-0.181766
-0.00119291	-0.173658
-0.0012376	-0.165649
-0.00128228	-0.157738
-0.00132696	-0.149927
-0.00137165	-0.142218
-0.001395	-0.138242
)

((xy/key/label "line_x_0.097000_y+_z0")
0.001395	0.778755
0.00137165	0.772719
0.00132696	0.761123
0.00128228	0.749485
0.0012376	0.737811
0.00119291	0.726103
0.00114823	0.714366
0.00110354	0.702602
0.00105886	0.690814
0.00101418	0.679004
0.000979021	0.669697
0.000943865	0.660406
0.00090871	0.651118
0.000873554	0.641835
0.000838399	0.632561
0.000803243	0.623301
0.000768088	0.61406
0.000732932	0.60484
0.000697777	0.595646
0.000662621	0.58648
0.000627466	0.577348
0.00059231	0.568264
0.000557155	0.559244
0.000521999	0.550326
0.000486844	0.541633
0.000436553	0.528676
0.000422552	0.524501
0.000389145	0.516515
0.000362223	0.508749
0.000341953	0.504449
0.000300171	0.493184
0.000292975	0.491938
0.000240826	0.478845
0.000233065	0.475457
0.000184832	0.464775
0.000159796	0.452283
0.000125417	0.44725
8.13766e-05	0.416571
6.34361e-05	0.391362
-3.69963e-14	0.00728956
)
